1.634586e-09 1
1.794400e-09 1
1.743130e-09 1
1.663696e-09 1
1.879057e-09 1
2.001714e-09 1
1.773497e-09 1
1.846717e-09 1
1.760092e-09 1
1.817568e-09 1
1.868648e-09 1
1.833951e-09 1
1.697861e-09 1
1.611836e-09 1
1.770481e-09 1
1.813184e-09 1
1.885860e-09 1
2.043114e-09 1
1.684063e-09 1
1.516854e-09 1
1.487003e-09 1
1.687860e-09 1
1.950684e-09 1
1.793671e-09 1
1.720327e-09 1
1.596991e-09 1
1.870762e-09 1
1.824562e-09 1
1.992230e-09 1
1.807227e-09 1
1.781235e-09 1
1.827880e-09 1
1.724503e-09 1
1.821947e-09 1
1.743699e-09 1
1.883809e-09 1
1.820147e-09 1
1.393525e-09 1
1.613135e-09 1
1.611864e-09 1
1.563312e-09 1
1.675947e-09 1
1.824320e-09 1
1.530022e-09 1
1.600530e-09 1
1.611305e-09 1
1.694913e-09 1
1.700755e-09 1
1.816293e-09 1
2.135937e-09 1
2.086557e-09 1
1.881030e-09 1
1.595074e-09 1
1.683783e-09 1
1.602054e-09 1
1.513519e-09 1
1.761482e-09 1
1.733938e-09 1
1.718434e-09 1
1.962497e-09 1
1.825906e-09 1
1.589708e-09 1
1.768401e-09 1
1.832233e-09 1
1.737494e-09 1
1.852504e-09 1
1.847560e-09 1
1.677476e-09 1
1.781402e-09 1
1.947213e-09 1
1.783605e-09 1
1.874720e-09 1
1.684813e-09 1
1.580688e-09 1
1.550780e-09 1
1.561755e-09 1
1.767106e-09 1
1.732395e-09 1
1.683326e-09 1
1.826556e-09 1
1.620165e-09 1
1.570962e-09 1
1.648333e-09 1
1.541150e-09 1
1.461483e-09 1
1.425829e-09 1
1.501082e-09 1
1.610913e-09 1
1.730162e-09 1
1.602474e-09 1
1.449813e-09 1
1.564677e-09 1
1.504723e-09 1
1.400294e-09 1
1.516492e-09 1
1.475744e-09 1
1.717893e-09 1
1.661350e-09 1
1.701121e-09 1
1.598312e-09 1
1.638629e-09 1
1.550782e-09 1
1.465380e-09 1
1.666364e-09 1
1.717592e-09 1
1.602663e-09 1
1.795089e-09 1
1.734269e-09 1
1.705709e-09 1
1.570673e-09 1
1.557235e-09 1
1.585258e-09 1
1.551085e-09 1
1.407501e-09 1
1.701092e-09 1
1.918044e-09 1
1.788611e-09 1
1.645915e-09 1
1.601326e-09 1
1.765554e-09 1
2.062018e-09 1
2.070343e-09 1
2.133997e-09 1
1.658407e-09 1
1.452470e-09 1
1.700882e-09 1
1.708497e-09 1
1.663500e-09 1
1.931123e-09 1
1.517761e-09 1
1.598063e-09 1
1.734905e-09 1
1.654643e-09 1
1.734374e-09 1
1.700984e-09 1
1.592393e-09 1
1.570931e-09 1
1.647137e-09 1
1.592452e-09 1
1.721209e-09 1
1.638273e-09 1
1.744320e-09 1
1.680793e-09 1
1.691542e-09 1
1.688808e-09 1
2.048489e-09 1
1.876425e-09 1
1.839849e-09 1
1.753301e-09 1
1.764396e-09 1
1.947183e-09 1
2.026185e-09 1
1.945723e-09 1
1.789832e-09 1
1.715583e-09 1
1.701627e-09 1
2.132837e-09 1
2.121725e-09 1
2.089757e-09 1
1.780232e-09 1
1.947478e-09 1
1.763295e-09 1
1.868648e-09 1
1.624234e-09 1
1.740685e-09 1
1.867007e-09 1
1.823951e-09 1
1.857975e-09 1
1.899639e-09 1
1.988252e-09 1
1.747854e-09 1
1.930612e-09 1
1.857499e-09 1
1.886188e-09 1
1.659910e-09 1
1.676199e-09 1
1.669824e-09 1
1.882898e-09 1
1.699035e-09 1
1.629437e-09 1
1.813060e-09 1
1.618665e-09 1
1.720597e-09 1
2.106953e-09 1
2.160152e-09 1
2.015000e-09 1
1.812246e-09 1
1.672320e-09 1
1.597697e-09 1
1.502024e-09 1
1.689648e-09 1
1.544501e-09 1
1.381899e-09 1
1.458109e-09 1
1.433892e-09 1
1.542657e-09 1
1.577548e-09 1
1.710382e-09 1
1.697641e-09 1
1.772347e-09 1
1.844752e-09 1
1.590134e-09 1
1.627498e-09 1
1.422038e-09 1
1.476551e-09 1
1.558676e-09 1
1.602728e-09 1
1.457027e-09 1
1.464300e-09 1
1.304536e-09 1
1.494349e-09 1
1.710184e-09 1
1.736365e-09 1
1.521825e-09 1
1.533921e-09 1
1.622756e-09 1
1.919147e-09 1
1.758593e-09 1
1.769801e-09 1
1.528437e-09 1
1.641212e-09 1
1.637875e-09 1
1.779629e-09 1
1.616725e-09 1
1.578703e-09 1
2.051869e-09 1
1.921157e-09 1
1.999757e-09 1
1.952139e-09 1
1.791551e-09 1
1.717414e-09 1
1.778469e-09 1
1.843763e-09 1
1.579884e-09 1
1.836124e-09 1
1.688226e-09 1
1.756606e-09 1
1.770081e-09 1
1.780874e-09 1
1.766016e-09 1
1.899269e-09 1
1.762585e-09 1
1.675642e-09 1
2.019836e-09 1
1.798591e-09 1
1.920886e-09 1
1.891680e-09 1
1.865884e-09 1
1.785596e-09 1
1.848341e-09 1
1.711120e-09 1
1.806813e-09 1
1.698448e-09 1
1.885613e-09 1
1.739428e-09 1
1.654213e-09 1
1.666619e-09 1
1.723657e-09 1
1.759476e-09 1
1.842699e-09 1
1.856324e-09 1
1.891996e-09 1
1.768024e-09 1
1.840559e-09 1
1.990454e-09 1
1.809317e-09 1
1.848149e-09 1
1.480002e-09 1
1.630009e-09 1
1.582849e-09 1
1.800457e-09 1
1.636707e-09 1
1.646064e-09 1
1.871414e-09 1
1.861232e-09 1
2.064319e-09 1
1.583698e-09 1
1.570914e-09 1
1.758100e-09 1
2.222219e-09 1
2.017848e-09 1
1.945841e-09 1
1.754218e-09 1
1.642750e-09 1
1.698187e-09 1
1.745055e-09 1
1.867515e-09 1
1.673798e-09 1
1.979594e-09 1
1.921438e-09 1
1.754024e-09 1
1.900359e-09 1
1.843031e-09 1
1.806079e-09 1
1.679824e-09 1
1.848974e-09 1
1.790981e-09 1
1.777014e-09 1
1.691638e-09 1
1.828680e-09 1
1.846955e-09 1
1.657132e-09 1
1.761369e-09 1
1.884608e-09 1
1.795441e-09 1
1.820251e-09 1
1.807832e-09 1
1.777580e-09 1
1.841221e-09 1
1.570954e-09 1
1.588739e-09 1
1.568823e-09 1
1.607660e-09 1
1.496316e-09 1
1.868712e-09 1
1.597652e-09 1
1.859580e-09 1
1.852958e-09 1
1.564918e-09 1
1.806446e-09 1
1.656734e-09 1
1.393503e-09 1
1.339685e-09 1
1.537726e-09 1
1.777297e-09 1
1.735386e-09 1
1.627183e-09 1
1.649454e-09 1
1.949576e-09 1
1.848407e-09 1
1.586681e-09 1
1.662587e-09 1
1.728781e-09 1
1.464486e-09 1
1.403797e-09 1
1.309209e-09 1
1.813322e-09 1
1.971693e-09 1
1.708903e-09 1
1.588336e-09 1
1.759290e-09 1
1.799914e-09 1
1.591022e-09 1
1.408949e-09 1
1.400586e-09 1
1.886257e-09 1
1.766021e-09 1
1.839462e-09 1
1.822135e-09 1
1.776345e-09 1
1.577352e-09 1
1.866552e-09 1
2.024533e-09 1
1.613438e-09 1
1.694483e-09 1
1.631639e-09 1
1.763443e-09 1
1.697112e-09 1
1.851324e-09 1
1.809107e-09 1
1.967461e-09 1
1.856393e-09 1
1.911543e-09 1
1.679554e-09 1
1.772438e-09 1
1.599829e-09 1
1.913446e-09 1
1.908372e-09 1
1.669656e-09 1
1.794390e-09 1
1.869585e-09 1
1.860500e-09 1
1.647349e-09 1
1.709254e-09 1
1.652753e-09 1
1.841783e-09 1
1.960706e-09 1
1.658483e-09 1
1.641566e-09 1
1.700480e-09 1
1.803960e-09 1
1.964335e-09 1
1.696256e-09 1
1.970850e-09 1
2.002819e-09 1
1.917432e-09 1
1.865759e-09 1
1.905493e-09 1
1.837636e-09 1
1.814118e-09 1
1.845730e-09 1
1.651288e-09 1
1.854754e-09 1
1.601516e-09 1
1.580406e-09 1
1.668236e-09 1
1.718094e-09 1
1.620821e-09 1
1.619393e-09 1
2.109521e-09 1
1.926320e-09 1
2.113155e-09 1
1.674077e-09 1
1.744271e-09 1
1.806722e-09 1
1.587113e-09 1
1.603474e-09 1
1.657636e-09 1
1.615247e-09 1
1.660714e-09 1
1.639276e-09 1
1.623542e-09 1
1.611033e-09 1
1.746886e-09 1
1.914056e-09 1
2.174082e-09 1
2.004701e-09 1
1.818653e-09 1
1.650697e-09 1
1.609028e-09 1
1.877057e-09 1
1.602371e-09 1
1.753665e-09 1
1.755214e-09 1
1.566681e-09 1
1.451800e-09 1
1.597271e-09 1
1.582943e-09 1
1.567929e-09 1
1.716210e-09 1
1.804925e-09 1
1.997564e-09 1
1.712853e-09 1
1.745702e-09 1
1.859138e-09 1
1.631626e-09 1
1.760102e-09 1
1.771064e-09 1
1.706628e-09 1
1.476509e-09 1
1.597004e-09 1
1.816243e-09 1
1.664551e-09 1
1.868304e-09 1
1.615573e-09 1
1.748342e-09 1
1.429540e-09 1
1.940258e-09 1
1.833311e-09 1
1.866804e-09 1
1.566140e-09 1
1.536786e-09 1
1.294456e-09 1
1.492812e-09 1
1.532483e-09 1
1.581445e-09 1
1.729995e-09 1
1.995840e-09 1
1.926465e-09 1
2.003275e-09 1
1.829299e-09 1
1.938286e-09 1
1.539671e-09 1
1.519740e-09 1
1.623869e-09 1
1.610542e-09 1
1.438723e-09 1
1.341930e-09 1
2.119017e-09 1
2.132330e-09 1
2.169114e-09 1
1.857857e-09 1
1.712633e-09 1
1.660879e-09 1
1.980065e-09 1
1.897965e-09 1
2.028945e-09 1
1.508071e-09 1
1.705833e-09 1
1.720852e-09 1
1.560358e-09 1
1.431103e-09 1
1.669575e-09 1
1.951787e-09 1
1.679946e-09 1
1.925252e-09 1
1.916781e-09 1
1.698948e-09 1
1.789763e-09 1
1.410647e-09 1
1.451480e-09 1
1.596269e-09 1
1.513490e-09 1
1.575248e-09 1
1.481805e-09 1
1.834704e-09 1
1.964445e-09 1
1.879013e-09 1
1.696573e-09 1
1.688147e-09 1
1.508131e-09 1
1.766892e-09 1
1.590913e-09 1
1.681792e-09 1
1.707084e-09 1
1.890889e-09 1
1.812972e-09 1
1.771588e-09 1
1.547530e-09 1
1.885634e-09 1
1.834203e-09 1
1.583635e-09 1
1.727810e-09 1
1.621363e-09 1
1.779740e-09 1
1.859274e-09 1
1.572940e-09 1
1.512467e-09 1
1.637419e-09 1
1.545954e-09 1
1.654507e-09 1
1.470657e-09 1
1.577158e-09 1
1.692775e-09 1
1.471467e-09 1
1.437481e-09 1
1.388314e-09 1
1.452001e-09 1
1.727722e-09 1
1.625406e-09 1
1.500408e-09 1
1.493709e-09 1
1.661573e-09 1
1.709116e-09 1
1.526491e-09 1
1.774736e-09 1
1.711218e-09 1
1.661748e-09 1
1.767670e-09 1
1.801999e-09 1
1.785200e-09 1
1.574325e-09 1
1.650321e-09 1
1.797590e-09 1
1.907632e-09 1
1.855478e-09 1
1.728984e-09 1
1.691493e-09 1
1.953387e-09 1
1.734414e-09 1
1.606150e-09 1
1.756807e-09 1
1.787620e-09 1
1.798247e-09 1
1.822582e-09 1
1.812043e-09 1
1.632389e-09 1
1.788835e-09 1
1.432246e-09 1
1.569621e-09 1
1.593622e-09 1
1.793601e-09 1
1.699448e-09 1
1.804678e-09 1
1.532723e-09 1
1.765417e-09 1
1.805629e-09 1
2.068389e-09 1
2.067219e-09 1
2.028162e-09 1
1.637461e-09 1
1.862676e-09 1
1.976139e-09 1
1.490369e-09 1
1.543538e-09 1
1.651222e-09 1
1.884277e-09 1
1.659358e-09 1
2.091537e-09 1
1.648530e-09 1
1.912405e-09 1
1.845904e-09 1
1.639496e-09 1
1.650623e-09 1
1.735758e-09 1
1.555540e-09 1
1.569559e-09 1
1.567563e-09 1
1.759291e-09 1
1.795687e-09 1
1.816989e-09 1
1.980079e-09 1
1.816887e-09 1
2.007677e-09 1
1.636423e-09 1
1.846859e-09 1
1.823050e-09 1
1.803180e-09 1
1.897031e-09 1
1.801245e-09 1
1.572993e-09 1
1.687462e-09 1
1.668326e-09 1
1.619752e-09 1
1.605840e-09 1
1.526531e-09 1
1.866519e-09 1
1.697814e-09 1
1.849397e-09 1
1.637363e-09 1
1.741200e-09 1
1.628785e-09 1
1.447457e-09 1
1.676260e-09 1
1.711982e-09 1
1.709686e-09 1
1.640174e-09 1
1.659516e-09 1
1.637244e-09 1
1.923427e-09 1
2.073297e-09 1
1.539741e-09 1
1.651230e-09 1
1.680629e-09 1
1.659253e-09 1
1.510340e-09 1
1.826445e-09 1
1.634710e-09 1
1.632214e-09 1
1.598296e-09 1
1.526318e-09 1
1.628343e-09 1
1.596586e-09 1
1.476067e-09 1
1.482994e-09 1
1.415501e-09 1
1.712779e-09 1
1.662530e-09 1
1.752937e-09 1
1.644192e-09 1
1.637298e-09 1
1.404802e-09 1
1.860722e-09 1
1.478908e-09 1
1.820240e-09 1
1.886035e-09 1
1.773632e-09 1
1.672678e-09 1
1.818564e-09 1
1.953348e-09 1
2.044081e-09 1
1.599318e-09 1
1.501996e-09 1
1.482647e-09 1
1.500323e-09 1
1.726726e-09 1
1.601081e-09 1
1.776666e-09 1
1.749338e-09 1
1.578357e-09 1
1.857400e-09 1
1.885427e-09 1
1.873141e-09 1
1.902405e-09 1
1.787524e-09 1
1.898133e-09 1
1.838168e-09 1
1.901729e-09 1
1.760138e-09 1
1.940742e-09 1
1.739521e-09 1
1.791171e-09 1
2.112766e-09 1
1.858700e-09 1
2.053429e-09 1
2.084608e-09 1
1.973366e-09 1
2.119198e-09 1
1.621509e-09 1
1.859368e-09 1
1.732294e-09 1
1.951542e-09 1
1.906541e-09 1
1.884151e-09 1
1.873703e-09 1
1.830895e-09 1
1.829530e-09 1
1.909454e-09 1
1.761600e-09 1
1.689339e-09 1
1.571540e-09 1
1.671957e-09 1
1.573361e-09 1
1.959694e-09 1
2.055066e-09 1
1.872444e-09 1
1.886774e-09 1
1.785128e-09 1
1.790088e-09 1
1.863150e-09 1
1.805168e-09 1
1.704463e-09 1
1.900783e-09 1
1.764755e-09 1
1.647020e-09 1
1.782229e-09 1
1.751032e-09 1
1.878988e-09 1
1.969229e-09 1
1.873759e-09 1
1.883549e-09 1
1.798732e-09 1
1.860570e-09 1
1.801139e-09 1
1.553248e-09 1
1.719839e-09 1
1.868402e-09 1
1.625853e-09 1
1.441925e-09 1
1.452614e-09 1
1.814538e-09 1
1.648760e-09 1
1.898786e-09 1
1.490920e-09 1
1.658366e-09 1
1.644765e-09 1
1.530180e-09 1
1.780577e-09 1
1.720642e-09 1
1.603756e-09 1
1.733012e-09 1
1.652521e-09 1
1.491491e-09 1
1.565114e-09 1
1.601059e-09 1
1.731295e-09 1
1.684403e-09 1
1.722262e-09 1
1.882837e-09 1
1.790743e-09 1
1.669562e-09 1
1.640756e-09 1
1.630850e-09 1
1.694428e-09 1
1.568414e-09 1
1.348828e-09 1
1.417144e-09 1
1.494806e-09 1
1.525741e-09 1
1.835747e-09 1
1.961957e-09 1
1.988796e-09 1
1.900418e-09 1
1.535152e-09 1
1.542457e-09 1
1.450238e-09 1
1.569314e-09 1
1.436680e-09 1
1.661172e-09 1
1.441614e-09 1
1.616974e-09 1
1.650025e-09 1
1.401642e-09 1
1.452479e-09 1
1.328927e-09 1
1.545733e-09 1
1.750655e-09 1
1.441604e-09 1
1.680998e-09 1
1.811062e-09 1
1.869168e-09 1
1.610544e-09 1
1.781350e-09 1
1.955094e-09 1
1.439281e-09 1
1.503781e-09 1
1.640878e-09 1
1.495795e-09 1
1.569896e-09 1
1.487544e-09 1
1.842151e-09 1
1.938402e-09 1
1.837707e-09 1
1.727194e-09 1
1.679841e-09 1
1.592817e-09 1
1.738045e-09 1
1.705230e-09 1
1.614485e-09 1
1.574737e-09 1
1.697344e-09 1
1.784782e-09 1
1.768779e-09 1
1.819468e-09 1
1.773885e-09 1
1.863248e-09 1
1.722825e-09 1
1.897032e-09 1
2.068302e-09 1
1.929163e-09 1
1.913060e-09 1
1.969767e-09 1
1.999595e-09 1
1.884369e-09 1
1.869859e-09 1
1.890539e-09 1
1.976207e-09 1
1.877197e-09 1
1.642620e-09 1
1.843248e-09 1
1.900342e-09 1
1.929732e-09 1
1.633832e-09 1
1.756056e-09 1
1.667625e-09 1
1.897125e-09 1
1.846393e-09 1
2.039098e-09 1
1.844757e-09 1
1.762072e-09 1
1.935627e-09 1
1.964211e-09 1
1.851837e-09 1
1.706458e-09 1
1.751552e-09 1
2.057640e-09 1
1.830354e-09 1
2.144997e-09 1
1.726505e-09 1
1.788040e-09 1
1.919534e-09 1
1.638659e-09 1
2.007980e-09 1
1.857156e-09 1
1.772411e-09 1
1.836468e-09 1
1.725452e-09 1
2.072597e-09 1
2.073863e-09 1
2.152207e-09 1
2.030867e-09 1
1.630174e-09 1
1.849589e-09 1
1.762801e-09 1
1.620766e-09 1
1.698976e-09 1
1.526743e-09 1
1.428037e-09 1
1.486964e-09 1
1.646268e-09 1
1.625707e-09 1
1.500750e-09 1
1.564601e-09 1
1.667212e-09 1
1.491426e-09 1
1.835418e-09 1
1.912078e-09 1
1.601901e-09 1
1.460919e-09 1
1.373131e-09 1
1.236632e-09 1
1.590496e-09 1
1.623498e-09 1
1.609056e-09 1
1.719880e-09 1
1.751707e-09 1
1.649579e-09 1
1.595037e-09 1
1.462484e-09 1
1.711977e-09 1
1.595984e-09 1
1.539558e-09 1
1.490266e-09 1
1.648002e-09 1
1.771614e-09 1
1.935162e-09 1
1.661922e-09 1
1.453900e-09 1
1.393353e-09 1
1.691693e-09 1
1.573460e-09 1
1.704900e-09 1
1.802272e-09 1
1.996169e-09 1
1.841862e-09 1
1.766063e-09 1
1.894975e-09 1
1.764664e-09 1
1.987785e-09 1
1.641556e-09 1
1.779602e-09 1
2.006759e-09 1
2.027636e-09 1
1.860639e-09 1
1.912066e-09 1
1.883678e-09 1
1.650261e-09 1
2.068057e-09 1
2.188029e-09 1
2.207797e-09 1
1.971807e-09 1
1.821494e-09 1
1.772314e-09 1
1.731213e-09 1
1.882992e-09 1
1.869712e-09 1
1.888042e-09 1
1.989601e-09 1
1.944221e-09 1
1.895132e-09 1
1.821503e-09 1
1.923845e-09 1
1.831942e-09 1
1.781833e-09 1
1.793949e-09 1
1.939169e-09 1
2.067367e-09 1
1.931755e-09 1
1.735217e-09 1
1.831705e-09 1
1.777861e-09 1
1.679823e-09 1
1.779071e-09 1
1.798835e-09 1
1.829230e-09 1
1.882487e-09 1
1.759985e-09 1
2.069971e-09 1
2.421670e-09 1
2.252533e-09 1
1.873771e-09 1
1.916967e-09 1
1.832582e-09 1
1.844776e-09 1
1.659983e-09 1
1.826156e-09 1
1.793862e-09 1
1.693931e-09 1
1.637468e-09 1
1.794318e-09 1
1.723537e-09 1
1.569732e-09 1
2.090039e-09 1
1.943257e-09 1
2.025764e-09 1
1.770251e-09 1
1.721710e-09 1
1.802344e-09 1
1.976836e-09 1
2.132216e-09 1
2.068684e-09 1
1.710751e-09 1
1.543253e-09 1
1.680155e-09 1
1.548164e-09 1
1.737346e-09 1
1.649668e-09 1
1.966072e-09 1
2.009339e-09 1
1.858773e-09 1
1.895993e-09 1
1.897064e-09 1
1.651026e-09 1
1.520410e-09 1
1.578951e-09 1
1.688889e-09 1
1.877402e-09 1
1.742001e-09 1
1.779537e-09 1
1.840718e-09 1
1.909224e-09 1
1.770141e-09 1
1.903924e-09 1
1.820245e-09 1
1.696950e-09 1
1.746510e-09 1
1.940546e-09 1
1.885171e-09 1
1.639743e-09 1
1.656471e-09 1
1.522552e-09 1
1.743942e-09 1
1.713825e-09 1
1.683413e-09 1
1.522521e-09 1
1.525393e-09 1
1.478116e-09 1
1.827958e-09 1
1.784412e-09 1
1.635479e-09 1
1.551414e-09 1
1.621125e-09 1
1.562280e-09 1
1.745791e-09 1
1.680333e-09 1
1.908237e-09 1
1.808159e-09 1
1.637556e-09 1
1.929538e-09 1
1.615187e-09 1
1.864828e-09 1
1.696234e-09 1
1.890389e-09 1
1.811755e-09 1
1.719711e-09 1
1.779380e-09 1
1.685572e-09 1
1.789061e-09 1
1.696525e-09 1
1.760858e-09 1
1.726165e-09 1
2.012076e-09 1
1.822463e-09 1
1.906767e-09 1
1.772032e-09 1
1.840493e-09 1
1.842248e-09 1
1.843525e-09 1
1.912906e-09 1
1.942517e-09 1
1.932534e-09 1
1.960187e-09 1
1.829083e-09 1
1.660253e-09 1
1.836832e-09 1
1.752915e-09 1
1.897194e-09 1
1.914407e-09 1
1.977639e-09 1
2.196569e-09 1
2.113337e-09 1
2.058532e-09 1
2.135216e-09 1
2.266911e-09 1
1.985108e-09 1
1.598422e-09 1
1.733134e-09 1
1.682237e-09 1
1.939905e-09 1
2.113407e-09 1
1.684815e-09 1
1.591166e-09 1
1.722149e-09 1
1.746801e-09 1
2.051194e-09 1
2.010926e-09 1
2.102333e-09 1
1.962726e-09 1
1.990740e-09 1
1.752583e-09 1
1.974239e-09 1
2.157618e-09 1
2.146228e-09 1
2.119357e-09 1
1.804602e-09 1
1.942365e-09 1
1.957162e-09 1
2.064484e-09 1
2.050809e-09 1
2.187295e-09 1
2.121216e-09 1
2.258316e-09 1
1.878509e-09 1
1.688887e-09 1
1.722011e-09 1
1.897552e-09 1
1.948047e-09 1
1.850538e-09 1
1.715134e-09 1
1.570891e-09 1
1.650068e-09 1
1.946132e-09 1
1.982276e-09 1
1.851315e-09 1
1.482813e-09 1
1.600927e-09 1
1.772274e-09 1
1.567641e-09 1
1.712665e-09 1
1.821628e-09 1
2.109693e-09 1
2.006243e-09 1
1.973785e-09 1
2.040008e-09 1
1.958479e-09 1
2.184791e-09 1
1.573348e-09 1
1.639785e-09 1
1.626035e-09 1
1.766553e-09 1
1.642131e-09 1
1.578172e-09 1
1.767846e-09 1
1.690793e-09 1
1.865640e-09 1
2.131076e-09 1
2.046808e-09 1
2.011169e-09 1
1.793858e-09 1
1.870943e-09 1
1.886131e-09 1
1.641471e-09 1
1.697004e-09 1
1.764206e-09 1
1.717325e-09 1
1.641555e-09 1
1.550284e-09 1
1.524219e-09 1
1.530483e-09 1
1.517456e-09 1
1.692278e-09 1
1.804711e-09 1
1.648768e-09 1
1.773390e-09 1
1.927837e-09 1
1.972419e-09 1
1.681831e-09 1
1.766123e-09 1
1.756083e-09 1
1.920093e-09 1
1.885762e-09 1
1.858634e-09 1
1.872897e-09 1
1.806447e-09 1
1.766532e-09 1
1.894845e-09 1
1.903456e-09 1
1.772930e-09 1
1.801720e-09 1
1.607792e-09 1
1.626690e-09 1
1.565596e-09 1
1.732037e-09 1
1.758755e-09 1
1.492934e-09 1
1.556324e-09 1
1.695415e-09 1
1.986676e-09 1
2.006957e-09 1
1.974530e-09 1
2.015013e-09 1
2.034532e-09 1
2.082281e-09 1
2.096356e-09 1
2.170295e-09 1
2.174613e-09 1
1.594285e-09 1
1.823782e-09 1
1.821789e-09 1
1.553629e-09 1
1.597815e-09 1
1.626369e-09 1
1.771713e-09 1
1.520865e-09 1
1.511753e-09 1
1.923746e-09 1
1.889175e-09 1
1.820193e-09 1
1.945132e-09 1
1.910686e-09 1
2.054240e-09 1
1.903840e-09 1
1.819954e-09 1
1.630160e-09 1
1.667352e-09 1
1.712067e-09 1
1.744586e-09 1
1.953558e-09 1
1.963401e-09 1
1.852642e-09 1
2.045152e-09 1
1.837383e-09 1
2.025378e-09 1
1.846589e-09 1
1.689443e-09 1
1.831052e-09 1
1.793032e-09 1
1.696888e-09 1
1.707318e-09 1
2.055661e-09 1
2.036959e-09 1
2.201415e-09 1
1.854099e-09 1
1.712065e-09 1
1.593127e-09 1
1.779896e-09 1
1.756689e-09 1
1.682964e-09 1
1.974765e-09 1
1.878322e-09 1
1.875215e-09 1
1.886374e-09 1
1.645017e-09 1
1.705885e-09 1
2.044982e-09 1
1.959411e-09 1
1.974967e-09 1
1.816830e-09 1
1.803416e-09 1
1.679467e-09 1
1.961967e-09 1
1.868005e-09 1
1.873674e-09 1
1.878392e-09 1
1.855022e-09 1
1.852865e-09 1
1.500032e-09 1
1.695197e-09 1
1.452328e-09 1
1.699038e-09 1
1.619264e-09 1
1.534978e-09 1
2.105416e-09 1
2.001830e-09 1
2.093008e-09 1
1.745704e-09 1
1.812844e-09 1
1.823064e-09 1
1.687031e-09 1
1.647605e-09 1
1.671594e-09 1
1.889779e-09 1
1.843274e-09 1
1.876034e-09 1
1.833149e-09 1
1.605587e-09 1
1.898666e-09 1
1.765095e-09 1
1.604036e-09 1
1.618902e-09 1
1.858754e-09 1
1.939523e-09 1
1.924922e-09 1
2.051402e-09 1
1.877138e-09 1
1.920601e-09 1
1.762940e-09 1
1.978762e-09 1
1.959867e-09 1
1.622757e-09 1
1.636999e-09 1
1.639101e-09 1
1.684302e-09 1
1.558924e-09 1
1.574595e-09 1
1.869607e-09 1
1.836097e-09 1
1.881271e-09 1
1.681525e-09 1
1.733440e-09 1
1.509961e-09 1
2.148972e-09 1
2.032019e-09 1
2.162719e-09 1
1.753638e-09 1
1.631073e-09 1
1.820092e-09 1
1.997629e-09 1
2.004161e-09 1
1.737096e-09 1
1.805220e-09 1
1.934144e-09 1
1.882668e-09 1
1.806961e-09 1
1.570013e-09 1
1.722018e-09 1
1.691743e-09 1
1.721710e-09 1
1.531146e-09 1
2.134567e-09 1
2.155402e-09 1
2.187422e-09 1
1.826696e-09 1
1.914313e-09 1
1.942423e-09 1
1.895129e-09 1
1.983672e-09 1
2.007895e-09 1
1.834385e-09 1
1.705241e-09 1
1.584648e-09 1
1.883413e-09 1
1.660788e-09 1
1.752698e-09 1
2.132740e-09 1
1.994108e-09 1
1.968169e-09 1
1.715476e-09 1
1.870632e-09 1
1.857745e-09 1
1.824909e-09 1
1.987152e-09 1
1.942753e-09 1
1.932612e-09 1
1.803898e-09 1
1.972990e-09 1
2.130828e-09 1
2.132709e-09 1
1.995035e-09 1
2.188613e-09 1
2.025345e-09 1
1.988209e-09 1
1.864870e-09 1
2.106960e-09 1
1.923340e-09 1
1.927437e-09 1
1.561245e-09 1
1.875344e-09 1
1.800288e-09 1
1.586532e-09 1
1.807515e-09 1
1.730862e-09 1
2.187741e-09 1
2.040054e-09 1
1.916178e-09 1
2.113657e-09 1
1.886398e-09 1
2.119347e-09 1
2.139685e-09 1
2.024861e-09 1
1.400127e-09 1
1.564626e-09 1
1.547275e-09 1
1.672998e-09 1
1.769216e-09 1
1.745423e-09 1
1.626034e-09 1
1.701841e-09 1
1.641269e-09 1
1.813037e-09 1
2.070881e-09 1
1.817101e-09 1
1.713269e-09 1
1.631132e-09 1
1.664609e-09 1
1.891701e-09 1
1.679034e-09 1
1.579098e-09 1
1.876836e-09 1
1.735897e-09 1
1.764173e-09 1
1.938100e-09 1
1.999646e-09 1
1.934340e-09 1
1.911663e-09 1
1.979005e-09 1
1.787262e-09 1
1.662596e-09 1
1.572643e-09 1
1.716030e-09 1
1.481477e-09 1
1.566805e-09 1
1.566521e-09 1
1.865898e-09 1
1.787815e-09 1
1.762035e-09 1
1.685239e-09 1
1.740213e-09 1
1.676735e-09 1
2.008207e-09 1
2.093297e-09 1
1.875419e-09 1
1.659675e-09 1
1.526517e-09 1
1.779346e-09 1
1.749479e-09 1
1.613028e-09 1
1.630193e-09 1
1.655943e-09 1
1.675350e-09 1
1.786729e-09 1
1.904257e-09 1
1.885064e-09 1
1.956186e-09 1
1.913990e-09 1
1.961816e-09 1
1.947322e-09 1
1.792253e-09 1
1.736524e-09 1
1.691298e-09 1
1.870531e-09 1
1.787975e-09 1
1.838030e-09 1
2.073852e-09 1
2.028031e-09 1
2.054959e-09 1
1.677157e-09 1
1.512749e-09 1
1.779934e-09 1
2.099395e-09 1
1.937929e-09 1
1.872612e-09 1
1.845671e-09 1
1.867980e-09 1
1.832987e-09 1
1.460431e-09 1
1.494875e-09 1
1.551671e-09 1
1.866354e-09 1
2.115834e-09 1
1.909678e-09 1
1.965827e-09 1
1.943937e-09 1
1.764671e-09 1
1.565239e-09 1
1.636788e-09 1
1.724516e-09 1
1.694006e-09 1
1.731829e-09 1
1.561843e-09 1
1.786332e-09 1
1.721898e-09 1
1.694607e-09 1
1.834594e-09 1
1.888450e-09 1
1.662805e-09 1
1.832513e-09 1
1.822765e-09 1
1.920413e-09 1
1.976783e-09 1
1.823555e-09 1
1.930891e-09 1
1.749953e-09 1
1.805500e-09 1
1.673979e-09 1
1.735117e-09 1
1.877407e-09 1
1.708630e-09 1
1.905546e-09 1
1.898831e-09 1
1.917586e-09 1
1.916624e-09 1
1.701313e-09 1
1.720141e-09 1
2.192223e-09 1
2.119408e-09 1
1.948969e-09 1
1.893073e-09 1
1.604288e-09 1
1.658532e-09 1
1.726894e-09 1
1.546561e-09 1
1.403339e-09 1
1.885268e-09 1
1.808464e-09 1
1.755456e-09 1
1.874772e-09 1
1.876085e-09 1
1.832779e-09 1
1.969931e-09 1
1.728079e-09 1
1.808220e-09 1
1.803516e-09 1
2.028132e-09 1
1.933498e-09 1
2.048845e-09 1
2.022152e-09 1
2.074392e-09 1
1.771444e-09 1
1.861912e-09 1
1.773601e-09 1
1.852238e-09 1
1.864401e-09 1
1.673469e-09 1
1.627247e-09 1
1.580132e-09 1
1.590201e-09 1
1.930642e-09 1
1.785370e-09 1
1.814575e-09 1
1.800493e-09 1
1.820922e-09 1
1.794625e-09 1
1.751310e-09 1
1.601024e-09 1
1.659941e-09 1
1.753509e-09 1
1.926240e-09 1
1.891188e-09 1
1.548257e-09 1
1.605530e-09 1
1.692092e-09 1
1.928553e-09 1
1.744066e-09 1
1.941756e-09 1
1.817494e-09 1
1.864977e-09 1
1.670830e-09 1
1.654322e-09 1
1.820484e-09 1
1.612869e-09 1
1.681171e-09 1
1.645249e-09 1
1.418069e-09 1
1.691810e-09 1
1.707628e-09 1
1.571570e-09 1
1.842895e-09 1
1.826178e-09 1
1.679044e-09 1
