1.804703e-09 1
1.866444e-09 1
1.966450e-09 1
1.785974e-09 1
1.956158e-09 1
1.906403e-09 1
1.727146e-09 1
1.798300e-09 1
1.720854e-09 1
1.779314e-09 1
1.714652e-09 1
1.731765e-09 1
1.910289e-09 1
1.820948e-09 1
1.865492e-09 1
1.921231e-09 1
1.760578e-09 1
1.745064e-09 1
1.662186e-09 1
1.881657e-09 1
1.673693e-09 1
1.709163e-09 1
1.805879e-09 1
2.050505e-09 1
1.790654e-09 1
1.795822e-09 1
1.656372e-09 1
1.877466e-09 1
1.847789e-09 1
1.805661e-09 1
1.549537e-09 1
2.000146e-09 1
1.695783e-09 1
1.671204e-09 1
1.934231e-09 1
1.806086e-09 1
1.738057e-09 1
1.611157e-09 1
1.946811e-09 1
1.689887e-09 1
1.733002e-09 1
1.907391e-09 1
1.581353e-09 1
1.678534e-09 1
1.824387e-09 1
1.807239e-09 1
1.666646e-09 1
1.855544e-09 1
1.767756e-09 1
1.798722e-09 1
1.770396e-09 1
1.861604e-09 1
1.620762e-09 1
1.754459e-09 1
1.877494e-09 1
1.947172e-09 1
1.843845e-09 1
1.614393e-09 1
1.794321e-09 1
1.780627e-09 1
1.496871e-09 1
1.589901e-09 1
1.764061e-09 1
1.733519e-09 1
1.805445e-09 1
1.774614e-09 1
1.703901e-09 1
1.575846e-09 1
1.633530e-09 1
1.650011e-09 1
1.592953e-09 1
1.771837e-09 1
1.869429e-09 1
1.777813e-09 1
1.637860e-09 1
1.524907e-09 1
1.382160e-09 1
1.539966e-09 1
1.768419e-09 1
1.719081e-09 1
1.709198e-09 1
1.819322e-09 1
1.917397e-09 1
1.874856e-09 1
1.575815e-09 1
1.746747e-09 1
1.613112e-09 1
1.647723e-09 1
2.027254e-09 1
1.890239e-09 1
1.608986e-09 1
1.620785e-09 1
1.762627e-09 1
1.581253e-09 1
1.533225e-09 1
1.497679e-09 1
1.785867e-09 1
1.882548e-09 1
1.949868e-09 1
1.856844e-09 1
1.853551e-09 1
2.044474e-09 1
1.752556e-09 1
1.819021e-09 1
1.702970e-09 1
1.938038e-09 1
1.676357e-09 1
1.878823e-09 1
1.743680e-09 1
1.641746e-09 1
1.819716e-09 1
1.872768e-09 1
1.974051e-09 1
1.649466e-09 1
1.737408e-09 1
1.562480e-09 1
1.781209e-09 1
1.823702e-09 1
1.821587e-09 1
1.741463e-09 1
1.865459e-09 1
1.910430e-09 1
1.719571e-09 1
1.818466e-09 1
1.839703e-09 1
1.980616e-09 1
1.814053e-09 1
1.707781e-09 1
1.895336e-09 1
1.746154e-09 1
1.648638e-09 1
1.828187e-09 1
1.616952e-09 1
1.527029e-09 1
1.676879e-09 1
1.781743e-09 1
1.836880e-09 1
1.734382e-09 1
1.714967e-09 1
1.699014e-09 1
1.834562e-09 1
1.722482e-09 1
1.732515e-09 1
1.767990e-09 1
1.631006e-09 1
1.598184e-09 1
1.600430e-09 1
1.511785e-09 1
1.633790e-09 1
1.694224e-09 1
1.894602e-09 1
1.913474e-09 1
1.965013e-09 1
1.809865e-09 1
1.712654e-09 1
1.872072e-09 1
1.694911e-09 1
1.656310e-09 1
1.696597e-09 1
1.973387e-09 1
1.928458e-09 1
1.849054e-09 1
1.817320e-09 1
1.698113e-09 1
1.887264e-09 1
1.863011e-09 1
1.912268e-09 1
1.727873e-09 1
1.911842e-09 1
1.811480e-09 1
1.829989e-09 1
1.950239e-09 1
1.866632e-09 1
1.536132e-09 1
1.803673e-09 1
1.634867e-09 1
1.707342e-09 1
1.872604e-09 1
1.732188e-09 1
1.842181e-09 1
1.622988e-09 1
1.734210e-09 1
1.835202e-09 1
1.609854e-09 1
1.684554e-09 1
1.526637e-09 1
1.713899e-09 1
1.719063e-09 1
1.754044e-09 1
1.639083e-09 1
1.803290e-09 1
1.828109e-09 1
1.751987e-09 1
1.911013e-09 1
1.682611e-09 1
1.594248e-09 1
1.672514e-09 1
1.754632e-09 1
1.651476e-09 1
1.792506e-09 1
1.850532e-09 1
1.849656e-09 1
1.805917e-09 1
1.667012e-09 1
1.614459e-09 1
1.515318e-09 1
1.721370e-09 1
1.723594e-09 1
1.674495e-09 1
1.423353e-09 1
1.646803e-09 1
1.735518e-09 1
1.677427e-09 1
1.870942e-09 1
1.920137e-09 1
1.904090e-09 1
2.037657e-09 1
1.980144e-09 1
1.976795e-09 1
1.903970e-09 1
1.946371e-09 1
2.008505e-09 1
1.583284e-09 1
1.758008e-09 1
1.558627e-09 1
1.647481e-09 1
1.517568e-09 1
1.783729e-09 1
1.732733e-09 1
1.498096e-09 1
1.897679e-09 1
1.961905e-09 1
2.071553e-09 1
1.856670e-09 1
1.859920e-09 1
1.785206e-09 1
1.617165e-09 1
1.768285e-09 1
1.729997e-09 1
1.519786e-09 1
1.957697e-09 1
1.884757e-09 1
1.847433e-09 1
1.855401e-09 1
1.883932e-09 1
2.034796e-09 1
1.834234e-09 1
1.787619e-09 1
1.628678e-09 1
1.998779e-09 1
1.865035e-09 1
1.869293e-09 1
1.826131e-09 1
1.874231e-09 1
1.760122e-09 1
1.653169e-09 1
1.946358e-09 1
1.724579e-09 1
1.758048e-09 1
1.649295e-09 1
1.593834e-09 1
1.574178e-09 1
1.832097e-09 1
1.726573e-09 1
1.843299e-09 1
1.666797e-09 1
1.885178e-09 1
1.914968e-09 1
1.665848e-09 1
1.885069e-09 1
1.660825e-09 1
1.607117e-09 1
1.577830e-09 1
1.844899e-09 1
1.870447e-09 1
1.723821e-09 1
1.797382e-09 1
1.739785e-09 1
1.741763e-09 1
1.643656e-09 1
1.783877e-09 1
1.630017e-09 1
1.800000e-09 1
1.839197e-09 1
1.947188e-09 1
2.100233e-09 1
1.973269e-09 1
2.015773e-09 1
1.659416e-09 1
1.739990e-09 1
1.740981e-09 1
1.866779e-09 1
1.936254e-09 1
1.929164e-09 1
1.649428e-09 1
1.909458e-09 1
1.562332e-09 1
1.527175e-09 1
1.564912e-09 1
1.459395e-09 1
1.674330e-09 1
1.600942e-09 1
1.722036e-09 1
1.778784e-09 1
1.934971e-09 1
1.743834e-09 1
1.779227e-09 1
1.802346e-09 1
1.794541e-09 1
1.870477e-09 1
1.801009e-09 1
1.630878e-09 1
1.673273e-09 1
1.733384e-09 1
1.614674e-09 1
1.855069e-09 1
1.762340e-09 1
1.771753e-09 1
1.810956e-09 1
1.660241e-09 1
1.594036e-09 1
1.831656e-09 1
1.851844e-09 1
1.987386e-09 1
1.644446e-09 1
1.694586e-09 1
1.606191e-09 1
1.804108e-09 1
1.998189e-09 1
1.994691e-09 1
1.727295e-09 1
1.717641e-09 1
1.753396e-09 1
1.728958e-09 1
1.562578e-09 1
1.622609e-09 1
1.441115e-09 1
1.752485e-09 1
1.575510e-09 1
1.653359e-09 1
1.929367e-09 1
1.894815e-09 1
1.908298e-09 1
2.044459e-09 1
1.940330e-09 1
1.746783e-09 1
1.749504e-09 1
1.611489e-09 1
1.941549e-09 1
1.880230e-09 1
1.737497e-09 1
1.810285e-09 1
1.708226e-09 1
1.713102e-09 1
1.838983e-09 1
1.846321e-09 1
1.772988e-09 1
1.728697e-09 1
1.919506e-09 1
1.865823e-09 1
1.903083e-09 1
1.906384e-09 1
1.925522e-09 1
1.868199e-09 1
1.908444e-09 1
1.752074e-09 1
1.507729e-09 1
1.436196e-09 1
1.501684e-09 1
1.991525e-09 1
1.883290e-09 1
1.902611e-09 1
1.564514e-09 1
1.777162e-09 1
1.559610e-09 1
1.764859e-09 1
1.865704e-09 1
1.927409e-09 1
1.706987e-09 1
1.754642e-09 1
1.737263e-09 1
1.792940e-09 1
1.638367e-09 1
1.889392e-09 1
1.509378e-09 1
1.564731e-09 1
1.459792e-09 1
1.487780e-09 1
1.428170e-09 1
1.336580e-09 1
1.774673e-09 1
1.837507e-09 1
1.923695e-09 1
1.364850e-09 1
1.399059e-09 1
1.375445e-09 1
1.583526e-09 1
1.723855e-09 1
1.569897e-09 1
1.902080e-09 1
1.938125e-09 1
1.974786e-09 1
1.846027e-09 1
1.693600e-09 1
1.628397e-09 1
1.859852e-09 1
1.780350e-09 1
1.785943e-09 1
1.863073e-09 1
1.681640e-09 1
1.829619e-09 1
1.789560e-09 1
1.622954e-09 1
1.552996e-09 1
2.025506e-09 1
1.912025e-09 1
1.793048e-09 1
1.898839e-09 1
1.853254e-09 1
1.828745e-09 1
1.785716e-09 1
1.625611e-09 1
1.698736e-09 1
1.609581e-09 1
1.705763e-09 1
1.741820e-09 1
1.676718e-09 1
1.553871e-09 1
1.683683e-09 1
1.849513e-09 1
1.876240e-09 1
1.800147e-09 1
1.580792e-09 1
1.585395e-09 1
1.509903e-09 1
1.715273e-09 1
1.872724e-09 1
1.859842e-09 1
1.564286e-09 1
1.560992e-09 1
1.871761e-09 1
1.456772e-09 1
1.563827e-09 1
1.470011e-09 1
1.933798e-09 1
1.752239e-09 1
1.868086e-09 1
1.911699e-09 1
1.890636e-09 1
1.942718e-09 1
1.693999e-09 1
1.773461e-09 1
1.767796e-09 1
1.550294e-09 1
1.614396e-09 1
1.547083e-09 1
1.777329e-09 1
1.684685e-09 1
1.801577e-09 1
1.822788e-09 1
2.068697e-09 1
2.041512e-09 1
1.978869e-09 1
1.796544e-09 1
1.815520e-09 1
1.790598e-09 1
1.785948e-09 1
1.804504e-09 1
1.934075e-09 1
1.770970e-09 1
1.629499e-09 1
1.689157e-09 1
1.792836e-09 1
1.897810e-09 1
1.571517e-09 1
1.571814e-09 1
1.540791e-09 1
1.813895e-09 1
1.546732e-09 1
1.786273e-09 1
1.812269e-09 1
1.572883e-09 1
1.736694e-09 1
2.035957e-09 1
2.111822e-09 1
1.883579e-09 1
1.721284e-09 1
1.670024e-09 1
1.573304e-09 1
1.707758e-09 1
1.557604e-09 1
1.604813e-09 1
1.392388e-09 1
1.338138e-09 1
1.303697e-09 1
1.863839e-09 1
1.584847e-09 1
1.822463e-09 1
1.994198e-09 1
1.733380e-09 1
1.929246e-09 1
1.677919e-09 1
1.672592e-09 1
1.648543e-09 1
1.425600e-09 1
1.215165e-09 1
1.408124e-09 1
1.916190e-09 1
1.973976e-09 1
1.709621e-09 1
1.337950e-09 1
1.344026e-09 1
1.457819e-09 1
1.775547e-09 1
1.885463e-09 1
1.692513e-09 1
2.024171e-09 1
1.752703e-09 1
1.824619e-09 1
1.570148e-09 1
1.429186e-09 1
1.731139e-09 1
1.703855e-09 1
1.683312e-09 1
1.999245e-09 1
1.514006e-09 1
1.256501e-09 1
1.650716e-09 1
1.606797e-09 1
1.343714e-09 1
1.607334e-09 1
1.663623e-09 1
1.687728e-09 1
1.783790e-09 1
1.673175e-09 1
1.657214e-09 1
1.583775e-09 1
1.821847e-09 1
1.982902e-09 1
1.822328e-09 1
1.828761e-09 1
1.767144e-09 1
1.934953e-09 1
1.751704e-09 1
1.734236e-09 1
1.798762e-09 1
1.862671e-09 1
1.532911e-09 1
1.563571e-09 1
1.786412e-09 1
1.980454e-09 1
2.115580e-09 1
1.453218e-09 1
1.562519e-09 1
1.672716e-09 1
1.476555e-09 1
1.378938e-09 1
1.575276e-09 1
1.847605e-09 1
1.823067e-09 1
1.621994e-09 1
1.645836e-09 1
1.738795e-09 1
1.520888e-09 1
1.684043e-09 1
1.712992e-09 1
1.712679e-09 1
1.882892e-09 1
1.629394e-09 1
1.943657e-09 1
1.852039e-09 1
1.688201e-09 1
1.748356e-09 1
1.842352e-09 1
1.817698e-09 1
1.772340e-09 1
1.605446e-09 1
1.751022e-09 1
1.756790e-09 1
1.813833e-09 1
1.935553e-09 1
1.623836e-09 1
1.939734e-09 1
1.787255e-09 1
2.069130e-09 1
1.751983e-09 1
1.763780e-09 1
1.738444e-09 1
1.568876e-09 1
1.699259e-09 1
1.629958e-09 1
1.651923e-09 1
1.813402e-09 1
1.790072e-09 1
1.639156e-09 1
1.608921e-09 1
1.633779e-09 1
1.797825e-09 1
1.843663e-09 1
1.806979e-09 1
1.748602e-09 1
1.799060e-09 1
1.565041e-09 1
1.831788e-09 1
1.665354e-09 1
1.681238e-09 1
1.736463e-09 1
1.722997e-09 1
1.646979e-09 1
1.866371e-09 1
1.680252e-09 1
1.769638e-09 1
1.833894e-09 1
1.927740e-09 1
1.777878e-09 1
1.752517e-09 1
1.826959e-09 1
1.700188e-09 1
1.617036e-09 1
1.856903e-09 1
1.566544e-09 1
1.444866e-09 1
1.414747e-09 1
1.635492e-09 1
1.599882e-09 1
1.634894e-09 1
1.538834e-09 1
1.717012e-09 1
1.713347e-09 1
1.794620e-09 1
1.363488e-09 1
1.440905e-09 1
1.393340e-09 1
1.775410e-09 1
1.698327e-09 1
1.824833e-09 1
1.743669e-09 1
1.872299e-09 1
1.971724e-09 1
1.412357e-09 1
1.450853e-09 1
1.379131e-09 1
1.550586e-09 1
1.618029e-09 1
1.714266e-09 1
1.802495e-09 1
1.780463e-09 1
1.751232e-09 1
1.845581e-09 1
1.727378e-09 1
1.588967e-09 1
1.647604e-09 1
1.754291e-09 1
1.802037e-09 1
1.480936e-09 1
1.506103e-09 1
1.507390e-09 1
1.680656e-09 1
1.461832e-09 1
1.572215e-09 1
1.867320e-09 1
1.864820e-09 1
2.051404e-09 1
1.823291e-09 1
2.161498e-09 1
2.004848e-09 1
1.830352e-09 1
1.800874e-09 1
1.575245e-09 1
1.926582e-09 1
1.905968e-09 1
1.759521e-09 1
1.604571e-09 1
1.621410e-09 1
1.782904e-09 1
1.967364e-09 1
1.775904e-09 1
1.693548e-09 1
2.170828e-09 1
1.850359e-09 1
1.817322e-09 1
1.916614e-09 1
1.831245e-09 1
1.653562e-09 1
1.898885e-09 1
2.004009e-09 1
1.787030e-09 1
1.966551e-09 1
1.879503e-09 1
2.164811e-09 1
1.760641e-09 1
1.864375e-09 1
1.880301e-09 1
1.806909e-09 1
1.748211e-09 1
1.872974e-09 1
1.773487e-09 1
1.729261e-09 1
1.854566e-09 1
1.956969e-09 1
1.961925e-09 1
1.928985e-09 1
2.054761e-09 1
1.940774e-09 1
2.091114e-09 1
1.920757e-09 1
2.009371e-09 1
1.790416e-09 1
2.007657e-09 1
1.841290e-09 1
2.042012e-09 1
1.747182e-09 1
1.782400e-09 1
1.734497e-09 1
1.413305e-09 1
1.560598e-09 1
1.725007e-09 1
1.541591e-09 1
1.644944e-09 1
1.804425e-09 1
1.734605e-09 1
1.740325e-09 1
1.477807e-09 1
2.019134e-09 1
1.803855e-09 1
1.955222e-09 1
1.669220e-09 1
1.602269e-09 1
1.560226e-09 1
1.774218e-09 1
1.881932e-09 1
1.626677e-09 1
1.622361e-09 1
1.661326e-09 1
1.665615e-09 1
1.778622e-09 1
1.564927e-09 1
1.574004e-09 1
1.858809e-09 1
1.614436e-09 1
1.824114e-09 1
1.804204e-09 1
1.810100e-09 1
1.698762e-09 1
1.751047e-09 1
1.800671e-09 1
1.916209e-09 1
1.587196e-09 1
1.525116e-09 1
1.573441e-09 1
1.633707e-09 1
1.714670e-09 1
1.736744e-09 1
1.621448e-09 1
1.667876e-09 1
1.745259e-09 1
1.406854e-09 1
1.540258e-09 1
1.481149e-09 1
1.519442e-09 1
1.609541e-09 1
1.537437e-09 1
1.834646e-09 1
1.888079e-09 1
1.737202e-09 1
1.643717e-09 1
1.687555e-09 1
1.563014e-09 1
1.388929e-09 1
1.474831e-09 1
1.535820e-09 1
1.741457e-09 1
1.951554e-09 1
1.741264e-09 1
1.600828e-09 1
1.449446e-09 1
1.325921e-09 1
2.015105e-09 1
1.895841e-09 1
2.078311e-09 1
1.809121e-09 1
1.859208e-09 1
1.836802e-09 1
1.781196e-09 1
1.781360e-09 1
1.569717e-09 1
1.798662e-09 1
1.565946e-09 1
1.781634e-09 1
1.894503e-09 1
1.970248e-09 1
1.901625e-09 1
1.695222e-09 1
1.794404e-09 1
1.651695e-09 1
1.580763e-09 1
1.667573e-09 1
1.493532e-09 1
1.838384e-09 1
1.569824e-09 1
1.731400e-09 1
1.895944e-09 1
2.042876e-09 1
1.852805e-09 1
2.055865e-09 1
2.121545e-09 1
1.714553e-09 1
1.696460e-09 1
1.676624e-09 1
1.879952e-09 1
1.736194e-09 1
1.820388e-09 1
1.770371e-09 1
2.075807e-09 1
1.958777e-09 1
2.063363e-09 1
1.905300e-09 1
1.766711e-09 1
1.758959e-09 1
1.774597e-09 1
1.747384e-09 1
1.998152e-09 1
1.899533e-09 1
1.963702e-09 1
1.862686e-09 1
1.754114e-09 1
1.784005e-09 1
1.842806e-09 1
1.717823e-09 1
1.608983e-09 1
1.799034e-09 1
1.708506e-09 1
1.749658e-09 1
1.728531e-09 1
1.802342e-09 1
1.880975e-09 1
1.778200e-09 1
1.729943e-09 1
1.936756e-09 1
1.909023e-09 1
1.635367e-09 1
1.494631e-09 1
1.466960e-09 1
1.952616e-09 1
1.754202e-09 1
1.969185e-09 1
1.539958e-09 1
1.514312e-09 1
1.455888e-09 1
1.711295e-09 1
1.835207e-09 1
1.769227e-09 1
1.504024e-09 1
1.265754e-09 1
1.507676e-09 1
1.724186e-09 1
1.630272e-09 1
1.547004e-09 1
1.753631e-09 1
1.773932e-09 1
1.711043e-09 1
1.754086e-09 1
1.741985e-09 1
1.838013e-09 1
2.024818e-09 1
2.001772e-09 1
2.014396e-09 1
1.608888e-09 1
1.656621e-09 1
1.667762e-09 1
1.422432e-09 1
1.559495e-09 1
1.633560e-09 1
1.454385e-09 1
1.190734e-09 1
1.442673e-09 1
1.764524e-09 1
1.815826e-09 1
1.948730e-09 1
1.546921e-09 1
1.589347e-09 1
1.754476e-09 1
1.447966e-09 1
1.576771e-09 1
1.391668e-09 1
1.658768e-09 1
1.807381e-09 1
1.526916e-09 1
1.790914e-09 1
1.692908e-09 1
1.566127e-09 1
1.790663e-09 1
2.097407e-09 1
1.896154e-09 1
1.813517e-09 1
1.750764e-09 1
1.768206e-09 1
2.118595e-09 1
1.879062e-09 1
1.714227e-09 1
1.812151e-09 1
1.705730e-09 1
1.886093e-09 1
1.963401e-09 1
1.893542e-09 1
2.014216e-09 1
1.901316e-09 1
1.952656e-09 1
1.827966e-09 1
1.762010e-09 1
2.009477e-09 1
2.047142e-09 1
1.790499e-09 1
1.738792e-09 1
1.790150e-09 1
2.048195e-09 1
1.973158e-09 1
2.065968e-09 1
2.015949e-09 1
1.997233e-09 1
1.821448e-09 1
1.748543e-09 1
1.716802e-09 1
1.746904e-09 1
1.699900e-09 1
1.744321e-09 1
1.800176e-09 1
2.101297e-09 1
1.972443e-09 1
2.106626e-09 1
2.092782e-09 1
2.230890e-09 1
2.100982e-09 1
1.949888e-09 1
2.014009e-09 1
2.116273e-09 1
1.848546e-09 1
1.734734e-09 1
1.743070e-09 1
1.795086e-09 1
1.595465e-09 1
1.637350e-09 1
2.000746e-09 1
1.897917e-09 1
1.877828e-09 1
1.769361e-09 1
1.957450e-09 1
2.027412e-09 1
1.690756e-09 1
1.731391e-09 1
2.072065e-09 1
1.655208e-09 1
1.929048e-09 1
1.880664e-09 1
1.828686e-09 1
1.664934e-09 1
1.695312e-09 1
1.731185e-09 1
1.498695e-09 1
1.785545e-09 1
1.539284e-09 1
1.730312e-09 1
1.552018e-09 1
1.665935e-09 1
1.703521e-09 1
1.638542e-09 1
1.838904e-09 1
1.718883e-09 1
1.744328e-09 1
1.801389e-09 1
1.793275e-09 1
1.701647e-09 1
1.563411e-09 1
1.631734e-09 1
1.614834e-09 1
1.670764e-09 1
1.658022e-09 1
1.773114e-09 1
1.824076e-09 1
1.609398e-09 1
1.735786e-09 1
1.862243e-09 1
1.866451e-09 1
1.999539e-09 1
1.735023e-09 1
1.856039e-09 1
1.886878e-09 1
1.449402e-09 1
1.472443e-09 1
1.221903e-09 1
1.551972e-09 1
1.625672e-09 1
1.482071e-09 1
1.703528e-09 1
1.662374e-09 1
1.518402e-09 1
1.673772e-09 1
1.724231e-09 1
1.932367e-09 1
1.665500e-09 1
1.616525e-09 1
1.560626e-09 1
1.766345e-09 1
1.782577e-09 1
1.743919e-09 1
1.930429e-09 1
1.992485e-09 1
1.851850e-09 1
2.252036e-09 1
1.744942e-09 1
1.979178e-09 1
1.605572e-09 1
1.624715e-09 1
1.812239e-09 1
2.097408e-09 1
2.088380e-09 1
2.039279e-09 1
2.021499e-09 1
2.077684e-09 1
1.932175e-09 1
1.619599e-09 1
1.957425e-09 1
1.873761e-09 1
1.930888e-09 1
1.763838e-09 1
1.647099e-09 1
2.179004e-09 1
2.077780e-09 1
2.104202e-09 1
1.732970e-09 1
1.851687e-09 1
1.618242e-09 1
1.728054e-09 1
1.767861e-09 1
1.788386e-09 1
1.689535e-09 1
1.876564e-09 1
1.795070e-09 1
2.007944e-09 1
1.879486e-09 1
1.761159e-09 1
2.143097e-09 1
2.124300e-09 1
2.102106e-09 1
1.893780e-09 1
1.689601e-09 1
1.709508e-09 1
1.748652e-09 1
1.782721e-09 1
1.737640e-09 1
1.950678e-09 1
1.918728e-09 1
1.810037e-09 1
1.587830e-09 1
1.885960e-09 1
1.824138e-09 1
1.595768e-09 1
1.544937e-09 1
1.482200e-09 1
2.140268e-09 1
2.218492e-09 1
2.100703e-09 1
1.427497e-09 1
1.576426e-09 1
1.626612e-09 1
1.714735e-09 1
1.502569e-09 1
1.599472e-09 1
2.001315e-09 1
1.991916e-09 1
1.685195e-09 1
1.720536e-09 1
1.937003e-09 1
1.678265e-09 1
1.775359e-09 1
1.856990e-09 1
1.772876e-09 1
1.782895e-09 1
1.760691e-09 1
1.909200e-09 1
1.830179e-09 1
1.493892e-09 1
1.861952e-09 1
1.720353e-09 1
1.620286e-09 1
1.530888e-09 1
1.592685e-09 1
1.704871e-09 1
1.840848e-09 1
1.660383e-09 1
1.911614e-09 1
2.021223e-09 1
1.707285e-09 1
1.818212e-09 1
1.874453e-09 1
1.537964e-09 1
1.552742e-09 1
1.562061e-09 1
1.479977e-09 1
1.851452e-09 1
1.846379e-09 1
1.751316e-09 1
1.948875e-09 1
1.917996e-09 1
1.492574e-09 1
1.551440e-09 1
1.568562e-09 1
1.254347e-09 1
1.496466e-09 1
1.628929e-09 1
1.781858e-09 1
1.886838e-09 1
1.877020e-09 1
1.869385e-09 1
1.913559e-09 1
1.904366e-09 1
1.760856e-09 1
1.990101e-09 1
1.940400e-09 1
1.950449e-09 1
1.739876e-09 1
1.592947e-09 1
1.847054e-09 1
1.727720e-09 1
1.712329e-09 1
1.853162e-09 1
2.076226e-09 1
1.885858e-09 1
1.784582e-09 1
1.800253e-09 1
1.781415e-09 1
1.820547e-09 1
1.876478e-09 1
1.914589e-09 1
1.864942e-09 1
1.962106e-09 1
1.876715e-09 1
1.810945e-09 1
1.672268e-09 1
1.706069e-09 1
2.044131e-09 1
2.091182e-09 1
2.082410e-09 1
2.129449e-09 1
2.091424e-09 1
2.240832e-09 1
1.834953e-09 1
1.785647e-09 1
1.828703e-09 1
1.708927e-09 1
1.768292e-09 1
1.717965e-09 1
1.815256e-09 1
1.871536e-09 1
1.837409e-09 1
1.727469e-09 1
1.753180e-09 1
1.891999e-09 1
1.832022e-09 1
1.727502e-09 1
2.128639e-09 1
1.877648e-09 1
1.943182e-09 1
2.008266e-09 1
1.859418e-09 1
1.769956e-09 1
1.723324e-09 1
2.048585e-09 1
1.985673e-09 1
1.993024e-09 1
1.529736e-09 1
1.924536e-09 1
1.815651e-09 1
1.507268e-09 1
1.770638e-09 1
1.629585e-09 1
1.774659e-09 1
1.829894e-09 1
1.671738e-09 1
1.687567e-09 1
1.627667e-09 1
1.665285e-09 1
1.749618e-09 1
1.837950e-09 1
1.750808e-09 1
1.795901e-09 1
1.891086e-09 1
1.724192e-09 1
1.911177e-09 1
1.947120e-09 1
1.980342e-09 1
1.982341e-09 1
2.056440e-09 1
2.070650e-09 1
1.818155e-09 1
1.657719e-09 1
1.818397e-09 1
1.733808e-09 1
1.954647e-09 1
1.915948e-09 1
1.590780e-09 1
1.704206e-09 1
1.383069e-09 1
1.617367e-09 1
1.562401e-09 1
1.550200e-09 1
1.561881e-09 1
1.555683e-09 1
1.506732e-09 1
1.729293e-09 1
1.723448e-09 1
1.828366e-09 1
1.469117e-09 1
1.562175e-09 1
1.430739e-09 1
1.550581e-09 1
2.016226e-09 1
1.895736e-09 1
1.659692e-09 1
1.778369e-09 1
1.904607e-09 1
1.857366e-09 1
1.819556e-09 1
1.712752e-09 1
1.711256e-09 1
1.857250e-09 1
1.868358e-09 1
1.997857e-09 1
1.845973e-09 1
2.033451e-09 1
1.879308e-09 1
1.967527e-09 1
1.783172e-09 1
1.838417e-09 1
1.812679e-09 1
1.902364e-09 1
1.661637e-09 1
1.670670e-09 1
1.540155e-09 1
1.802400e-09 1
2.022549e-09 1
2.029814e-09 1
1.875604e-09 1
1.911774e-09 1
1.884962e-09 1
1.949688e-09 1
1.967887e-09 1
1.749784e-09 1
1.833126e-09 1
1.747428e-09 1
1.496247e-09 1
1.591070e-09 1
1.771181e-09 1
1.749374e-09 1
1.633235e-09 1
1.591939e-09 1
1.477606e-09 1
1.830800e-09 1
1.912296e-09 1
1.894671e-09 1
1.839384e-09 1
1.635793e-09 1
1.721247e-09 1
1.810610e-09 1
1.858549e-09 1
1.788221e-09 1
1.960699e-09 1
1.710540e-09 1
1.745177e-09 1
1.534670e-09 1
1.717295e-09 1
1.773742e-09 1
1.897515e-09 1
1.746872e-09 1
1.723120e-09 1
1.967250e-09 1
1.902023e-09 1
1.878342e-09 1
1.730974e-09 1
1.885535e-09 1
1.653530e-09 1
2.223818e-09 1
2.183483e-09 1
2.223235e-09 1
2.116864e-09 1
2.024015e-09 1
1.948288e-09 1
1.625234e-09 1
1.597449e-09 1
1.820300e-09 1
1.700763e-09 1
1.568626e-09 1
1.836915e-09 1
2.010110e-09 1
1.868186e-09 1
1.987259e-09 1
2.141155e-09 1
2.196857e-09 1
2.073669e-09 1
1.779658e-09 1
1.799853e-09 1
1.640123e-09 1
1.744205e-09 1
2.039432e-09 1
1.701571e-09 1
1.657056e-09 1
1.940366e-09 1
1.873147e-09 1
1.655359e-09 1
1.929227e-09 1
1.729123e-09 1
1.726909e-09 1
1.728770e-09 1
1.603594e-09 1
1.705113e-09 1
1.450014e-09 1
1.418952e-09 1
1.976837e-09 1
1.841187e-09 1
1.920602e-09 1
2.108754e-09 1
2.134243e-09 1
2.061186e-09 1
2.090232e-09 1
2.087284e-09 1
1.907156e-09 1
1.827343e-09 1
1.907825e-09 1
1.772817e-09 1
1.538962e-09 1
1.807918e-09 1
1.461905e-09 1
1.800319e-09 1
1.714058e-09 1
1.721224e-09 1
1.700262e-09 1
1.847835e-09 1
1.778763e-09 1
1.763978e-09 1
1.885489e-09 1
1.765922e-09 1
1.717448e-09 1
1.407992e-09 1
1.762064e-09 1
1.500491e-09 1
1.802607e-09 1
1.637705e-09 1
1.396443e-09 1
1.438951e-09 1
1.520486e-09 1
1.583614e-09 1
1.678798e-09 1
1.615657e-09 1
1.388290e-09 1
1.720000e-09 1
1.792417e-09 1
1.628379e-09 1
1.712072e-09 1
1.734709e-09 1
1.413092e-09 1
1.467906e-09 1
1.496182e-09 1
1.457241e-09 1
1.489836e-09 1
1.764741e-09 1
1.396854e-09 1
1.834547e-09 1
1.846801e-09 1
1.690582e-09 1
1.689565e-09 1
1.796005e-09 1
1.782256e-09 1
1.729546e-09 1
1.803674e-09 1
1.749972e-09 1
1.505699e-09 1
1.699120e-09 1
1.825519e-09 1
1.944448e-09 1
1.877912e-09 1
1.687263e-09 1
1.730099e-09 1
1.784053e-09 1
1.753831e-09 1
1.619559e-09 1
1.706186e-09 1
1.344855e-09 1
1.486057e-09 1
1.533914e-09 1
2.087507e-09 1
2.308005e-09 1
2.284498e-09 1
1.615062e-09 1
1.670015e-09 1
1.565280e-09 1
1.450558e-09 1
1.774965e-09 1
1.637831e-09 1
1.642987e-09 1
1.864535e-09 1
1.722579e-09 1
1.876060e-09 1
2.016714e-09 1
1.931564e-09 1
1.555627e-09 1
1.506765e-09 1
1.635865e-09 1
1.854386e-09 1
1.950602e-09 1
1.840035e-09 1
1.613691e-09 1
1.829746e-09 1
1.695122e-09 1
1.750145e-09 1
1.540710e-09 1
1.901778e-09 1
1.502124e-09 1
1.773876e-09 1
1.846737e-09 1
1.637236e-09 1
1.709957e-09 1
1.716441e-09 1
1.971412e-09 1
1.698826e-09 1
2.145170e-09 1
1.904761e-09 1
1.950099e-09 1
1.858850e-09 1
1.955839e-09 1
1.848377e-09 1
1.646716e-09 1
1.751225e-09 1
1.714251e-09 1
1.789169e-09 1
1.532029e-09 1
1.680150e-09 1
1.562570e-09 1
1.833992e-09 1
1.869366e-09 1
1.828064e-09 1
1.457547e-09 1
1.366754e-09 1
1.392584e-09 1
1.580475e-09 1
1.799971e-09 1
1.666282e-09 1
1.797417e-09 1
1.793697e-09 1
1.797913e-09 1
1.729327e-09 1
1.881413e-09 1
1.784261e-09 1
1.878140e-09 1
1.809841e-09 1
1.905680e-09 1
1.718925e-09 1
1.905857e-09 1
1.912481e-09 1
1.710778e-09 1
1.749119e-09 1
1.763284e-09 1
1.882501e-09 1
1.937055e-09 1
1.895396e-09 1
1.703281e-09 1
1.736989e-09 1
1.771806e-09 1
1.794632e-09 1
1.679756e-09 1
1.725399e-09 1
1.814088e-09 1
1.596056e-09 1
1.748600e-09 1
1.632852e-09 1
1.577791e-09 1
1.542088e-09 1
1.650689e-09 1
1.633613e-09 1
1.740407e-09 1
1.788645e-09 1
1.691776e-09 1
1.773339e-09 1
1.779847e-09 1
1.739822e-09 1
1.537628e-09 1
2.047326e-09 1
2.005561e-09 1
1.885114e-09 1
1.821222e-09 1
1.881500e-09 1
1.786444e-09 1
1.747080e-09 1
1.727930e-09 1
1.727256e-09 1
1.778498e-09 1
1.680745e-09 1
1.687637e-09 1
1.675832e-09 1
1.693650e-09 1
1.714910e-09 1
