3.287385e-09 1
3.530763e-09 1
3.442269e-09 1
3.404432e-09 1
3.486418e-09 1
3.295388e-09 1
3.653366e-09 1
3.667559e-09 1
3.605268e-09 1
3.328765e-09 1
3.151987e-09 1
3.433914e-09 1
3.369248e-09 1
3.394117e-09 1
3.465767e-09 1
3.523438e-09 1
3.493922e-09 1
3.533831e-09 1
3.326547e-09 1
3.247137e-09 1
3.247915e-09 1
3.446184e-09 1
3.409012e-09 1
3.446863e-09 1
3.365104e-09 1
3.305838e-09 1
3.297587e-09 1
3.601942e-09 1
3.396958e-09 1
3.514158e-09 1
3.538379e-09 1
3.331115e-09 1
3.445241e-09 1
3.692497e-09 1
3.699057e-09 1
3.689632e-09 1
3.580529e-09 1
3.520530e-09 1
3.452877e-09 1
3.260046e-09 1
3.393114e-09 1
3.219691e-09 1
3.415867e-09 1
3.446873e-09 1
3.343858e-09 1
3.251384e-09 1
3.267208e-09 1
3.270562e-09 1
3.383966e-09 1
3.552156e-09 1
3.530469e-09 1
3.518655e-09 1
3.553320e-09 1
3.633534e-09 1
3.567833e-09 1
3.466742e-09 1
3.488693e-09 1
3.659151e-09 1
3.573854e-09 1
3.648531e-09 1
3.687248e-09 1
3.690020e-09 1
3.652141e-09 1
3.278004e-09 1
3.143161e-09 1
3.235681e-09 1
3.425977e-09 1
3.604473e-09 1
3.544441e-09 1
3.454581e-09 1
3.159621e-09 1
3.496110e-09 1
3.268190e-09 1
2.949581e-09 1
3.009534e-09 1
3.509397e-09 1
3.474256e-09 1
3.519508e-09 1
3.238548e-09 1
3.159532e-09 1
3.354939e-09 1
3.199399e-09 1
3.211112e-09 1
3.365654e-09 1
3.483874e-09 1
3.612086e-09 1
3.507226e-09 1
3.617404e-09 1
3.632725e-09 1
3.576945e-09 1
3.649314e-09 1
3.586197e-09 1
3.650956e-09 1
3.567377e-09 1
3.492840e-09 1
3.346111e-09 1
3.339969e-09 1
3.067120e-09 1
3.288589e-09 1
3.552962e-09 1
3.624378e-09 1
3.507401e-09 1
3.510966e-09 1
3.611241e-09 1
3.622333e-09 1
3.522232e-09 1
3.638002e-09 1
3.563955e-09 1
3.579048e-09 1
3.568541e-09 1
3.471675e-09 1
3.424416e-09 1
3.227102e-09 1
3.297074e-09 1
3.120507e-09 1
2.932360e-09 1
2.867552e-09 1
3.108005e-09 1
3.406245e-09 1
3.331553e-09 1
3.509657e-09 1
3.611787e-09 1
3.620766e-09 1
3.506836e-09 1
3.388058e-09 1
3.433894e-09 1
3.584855e-09 1
3.632328e-09 1
3.605931e-09 1
3.508576e-09 1
3.497347e-09 1
3.543482e-09 1
3.490360e-09 1
3.480301e-09 1
3.373530e-09 1
3.307436e-09 1
3.132326e-09 1
3.086377e-09 1
3.671687e-09 1
3.694371e-09 1
3.677849e-09 1
3.618011e-09 1
3.438110e-09 1
3.619570e-09 1
3.377998e-09 1
3.183032e-09 1
3.271733e-09 1
3.424151e-09 1
3.503238e-09 1
3.495190e-09 1
3.489182e-09 1
3.484899e-09 1
3.504770e-09 1
3.544196e-09 1
3.464948e-09 1
3.543677e-09 1
3.705171e-09 1
3.702332e-09 1
3.693910e-09 1
3.636689e-09 1
3.655098e-09 1
3.658861e-09 1
3.493275e-09 1
3.507015e-09 1
3.327632e-09 1
3.583150e-09 1
3.540527e-09 1
3.505364e-09 1
3.474919e-09 1
3.497204e-09 1
3.440979e-09 1
3.492053e-09 1
3.160842e-09 1
3.408076e-09 1
3.363814e-09 1
3.531739e-09 1
3.438331e-09 1
3.292757e-09 1
3.077680e-09 1
3.214893e-09 1
3.392436e-09 1
3.197265e-09 1
3.234823e-09 1
3.671607e-09 1
3.689945e-09 1
3.671995e-09 1
3.480880e-09 1
3.209296e-09 1
3.481376e-09 1
3.526390e-09 1
3.247906e-09 1
3.521814e-09 1
3.702294e-09 1
3.702837e-09 1
3.703599e-09 1
3.539112e-09 1
3.349806e-09 1
3.428375e-09 1
3.351188e-09 1
3.135964e-09 1
3.331763e-09 1
3.425782e-09 1
3.453843e-09 1
3.463334e-09 1
3.636898e-09 1
3.609242e-09 1
3.569986e-09 1
3.599881e-09 1
3.666893e-09 1
3.678151e-09 1
3.501552e-09 1
3.389380e-09 1
3.446706e-09 1
3.276256e-09 1
3.224153e-09 1
3.243363e-09 1
3.637477e-09 1
3.558222e-09 1
3.532804e-09 1
3.684535e-09 1
3.646515e-09 1
3.685181e-09 1
3.615404e-09 1
3.578960e-09 1
3.490743e-09 1
3.562344e-09 1
3.487859e-09 1
3.448593e-09 1
3.625139e-09 1
3.538191e-09 1
3.560562e-09 1
3.622951e-09 1
3.552459e-09 1
3.558548e-09 1
3.433328e-09 1
3.311989e-09 1
3.359616e-09 1
3.466311e-09 1
3.333795e-09 1
3.501978e-09 1
3.502851e-09 1
3.591066e-09 1
3.628524e-09 1
3.381375e-09 1
3.430826e-09 1
3.502039e-09 1
3.454711e-09 1
3.169616e-09 1
3.347644e-09 1
3.488920e-09 1
3.566943e-09 1
3.555522e-09 1
3.351903e-09 1
3.234567e-09 1
3.428351e-09 1
3.587956e-09 1
3.574727e-09 1
3.519039e-09 1
3.569587e-09 1
3.489117e-09 1
3.584411e-09 1
3.559694e-09 1
3.656040e-09 1
3.587360e-09 1
3.438462e-09 1
3.362852e-09 1
3.505611e-09 1
3.236071e-09 1
3.300428e-09 1
3.449506e-09 1
3.262265e-09 1
3.247308e-09 1
3.406616e-09 1
3.617697e-09 1
3.592530e-09 1
3.635584e-09 1
3.377847e-09 1
3.392695e-09 1
3.423944e-09 1
3.358963e-09 1
3.338868e-09 1
3.383389e-09 1
3.341492e-09 1
3.404590e-09 1
3.244835e-09 1
3.635421e-09 1
3.660509e-09 1
3.644283e-09 1
3.682138e-09 1
3.674426e-09 1
3.624476e-09 1
3.510868e-09 1
3.460357e-09 1
3.559909e-09 1
3.654369e-09 1
3.571904e-09 1
3.577783e-09 1
3.529821e-09 1
3.398531e-09 1
3.558821e-09 1
3.216121e-09 1
3.173530e-09 1
3.371232e-09 1
3.478732e-09 1
3.448274e-09 1
3.377178e-09 1
3.300430e-09 1
3.429599e-09 1
3.508281e-09 1
3.591643e-09 1
3.552139e-09 1
3.546912e-09 1
3.601078e-09 1
3.590663e-09 1
3.607363e-09 1
3.612601e-09 1
3.486972e-09 1
3.595281e-09 1
3.607839e-09 1
3.514259e-09 1
3.470725e-09 1
3.504393e-09 1
3.434351e-09 1
3.494080e-09 1



Average 0:  3.463641e-09 324.000000
Negative elements: 0
108
