3.666720e-09 1
3.593361e-09 1
3.668043e-09 1
3.611520e-09 1
3.558392e-09 1
3.540458e-09 1
3.532226e-09 1
3.429674e-09 1
3.409726e-09 1
3.624871e-09 1
3.678255e-09 1
3.648107e-09 1
3.414544e-09 1
3.413069e-09 1
3.515598e-09 1
3.420417e-09 1
3.197569e-09 1
3.439319e-09 1
3.701956e-09 1
3.704795e-09 1
3.706891e-09 1
3.539200e-09 1
3.530863e-09 1
3.462157e-09 1
3.512359e-09 1
3.535833e-09 1
3.335645e-09 1
3.278415e-09 1
3.131586e-09 1
3.138031e-09 1
3.445610e-09 1
3.583802e-09 1
3.572832e-09 1
3.591232e-09 1
3.623890e-09 1
3.457729e-09 1
3.485643e-09 1
3.645327e-09 1
3.643518e-09 1
2.942290e-09 1
3.036605e-09 1
3.292005e-09 1
2.791089e-09 1
2.995131e-09 1
2.971653e-09 1
3.559544e-09 1
3.432141e-09 1
3.542918e-09 1
3.517727e-09 1
3.512181e-09 1
3.530151e-09 1
3.609553e-09 1
3.667528e-09 1
3.667102e-09 1
3.692230e-09 1
3.664155e-09 1
3.674250e-09 1
3.643436e-09 1
3.605483e-09 1
3.630308e-09 1
3.650964e-09 1
3.619788e-09 1
3.664296e-09 1
3.353169e-09 1
3.171584e-09 1
3.130225e-09 1
3.077945e-09 1
3.158992e-09 1
2.971621e-09 1
3.700469e-09 1
3.699168e-09 1
3.694234e-09 1
3.631958e-09 1
3.571018e-09 1
3.579330e-09 1
3.340475e-09 1
3.483825e-09 1
3.430308e-09 1
3.446920e-09 1
3.510221e-09 1
3.491962e-09 1
3.562191e-09 1
3.569106e-09 1
3.558810e-09 1
3.537975e-09 1
3.523543e-09 1
3.524805e-09 1
3.434096e-09 1
3.378379e-09 1
3.469257e-09 1
3.484250e-09 1
3.525932e-09 1
3.510198e-09 1
3.299061e-09 1
3.260303e-09 1
3.237144e-09 1
3.430253e-09 1
3.481163e-09 1
3.341160e-09 1
3.446370e-09 1
3.525596e-09 1
3.382958e-09 1
3.540674e-09 1
3.469924e-09 1
3.409183e-09 1
3.482635e-09 1
3.432826e-09 1
3.461998e-09 1
3.689894e-09 1
3.701350e-09 1
3.697554e-09 1
3.385506e-09 1
3.373309e-09 1
3.401184e-09 1
3.271639e-09 1
3.289437e-09 1
3.298226e-09 1
3.389372e-09 1
3.336957e-09 1
3.275029e-09 1
3.415745e-09 1
3.494791e-09 1
3.428648e-09 1
3.344489e-09 1
3.366909e-09 1
3.145671e-09 1
3.648153e-09 1
3.654737e-09 1
3.683632e-09 1
3.510850e-09 1
3.545036e-09 1
3.414133e-09 1
3.640625e-09 1
3.690291e-09 1
3.688415e-09 1
3.631195e-09 1
3.655179e-09 1
3.624185e-09 1
3.189279e-09 1
3.094601e-09 1
3.183582e-09 1
3.226909e-09 1
3.225327e-09 1
3.324240e-09 1
3.408381e-09 1
3.384971e-09 1
3.233709e-09 1
3.548333e-09 1
3.492593e-09 1
3.529998e-09 1
3.697847e-09 1
3.690339e-09 1
3.698504e-09 1
3.404018e-09 1
3.485056e-09 1
3.396765e-09 1
3.413968e-09 1
3.300073e-09 1
3.429691e-09 1
3.364438e-09 1
3.198086e-09 1
3.275136e-09 1
3.297633e-09 1
3.313521e-09 1
3.329268e-09 1
3.286484e-09 1
3.479557e-09 1
3.422978e-09 1
3.315711e-09 1
3.506685e-09 1
3.455393e-09 1
3.625962e-09 1
3.672698e-09 1
3.685973e-09 1
3.163863e-09 1
3.291057e-09 1
3.389955e-09 1
3.196703e-09 1
3.461023e-09 1
3.512710e-09 1
3.453349e-09 1
3.553899e-09 1
3.506402e-09 1
3.298523e-09 1
3.317070e-09 1
3.294087e-09 1
3.606492e-09 1
3.601842e-09 1
3.570075e-09 1
3.622113e-09 1
3.500710e-09 1
3.615448e-09 1
3.498112e-09 1
3.523384e-09 1
3.258588e-09 1
3.700479e-09 1
3.704591e-09 1
3.704921e-09 1
3.595424e-09 1
3.560294e-09 1
3.494744e-09 1
3.627393e-09 1
3.646258e-09 1
3.574461e-09 1
3.346785e-09 1
3.346637e-09 1
3.121208e-09 1
3.373565e-09 1
3.471057e-09 1
3.379989e-09 1
3.633822e-09 1
3.632206e-09 1
3.546331e-09 1
3.287214e-09 1
3.139836e-09 1
3.422239e-09 1
3.424955e-09 1
3.470162e-09 1
3.219890e-09 1
3.420931e-09 1
3.214575e-09 1
3.510594e-09 1
3.648620e-09 1
3.622051e-09 1
3.675522e-09 1
3.528205e-09 1
3.423252e-09 1
3.492222e-09 1
3.197770e-09 1
3.341350e-09 1
3.107276e-09 1
3.051173e-09 1
3.278217e-09 1
3.191017e-09 1
3.700908e-09 1
3.697187e-09 1
3.696109e-09 1
3.519214e-09 1
3.496408e-09 1
3.596968e-09 1
3.620202e-09 1
3.676582e-09 1
3.683687e-09 1
3.551159e-09 1
3.642347e-09 1
3.530919e-09 1
3.619290e-09 1
3.435071e-09 1
3.564413e-09 1
3.544604e-09 1
3.597369e-09 1
3.620218e-09 1
3.499378e-09 1
3.580706e-09 1
3.601654e-09 1
3.322492e-09 1
3.208598e-09 1
3.464476e-09 1
3.256977e-09 1
3.128556e-09 1
3.219997e-09 1
3.484892e-09 1
3.627933e-09 1
3.550581e-09 1
3.479891e-09 1
3.374517e-09 1
3.313802e-09 1
3.631588e-09 1
3.510113e-09 1
3.604301e-09 1
3.536575e-09 1
3.584454e-09 1
3.536293e-09 1
3.635845e-09 1
3.559244e-09 1
3.625647e-09 1
3.675837e-09 1
3.687805e-09 1
3.657132e-09 1
3.654320e-09 1
3.612102e-09 1
3.601543e-09 1
3.504619e-09 1
3.269342e-09 1
3.398004e-09 1
3.603001e-09 1
3.417547e-09 1
3.560411e-09 1
3.496412e-09 1
3.113735e-09 1
3.493384e-09 1
3.465219e-09 1
3.154320e-09 1
3.404830e-09 1
3.505923e-09 1
3.421061e-09 1
3.305073e-09 1
3.533711e-09 1
3.389855e-09 1
3.550125e-09 1
3.399945e-09 1
3.303619e-09 1
3.305328e-09 1
3.434981e-09 1
3.247373e-09 1
3.377584e-09 1
3.536315e-09 1
3.546764e-09 1
3.602130e-09 1
3.569106e-09 1
3.495714e-09 1
3.461394e-09 1
3.402876e-09 1
3.204058e-09 1
3.345345e-09 1
3.664073e-09 1
3.681678e-09 1
3.643867e-09 1
3.573663e-09 1
3.531550e-09 1
3.584030e-09 1
3.614649e-09 1
3.539159e-09 1
3.630214e-09 1



Average 0:  3.467807e-09 324.000000
Negative elements: 0
108
