3.608199e-09 1
3.443871e-09 1
3.606279e-09 1
3.611786e-09 1
3.625446e-09 1
3.646496e-09 1
3.369776e-09 1
3.294790e-09 1
3.223540e-09 1
3.532339e-09 1
3.510601e-09 1
3.435935e-09 1
3.464730e-09 1
3.321315e-09 1
3.404104e-09 1
3.385227e-09 1
3.087048e-09 1
3.283671e-09 1
3.526677e-09 1
3.459711e-09 1
3.456681e-09 1
3.668154e-09 1
3.556101e-09 1
3.669313e-09 1
3.682069e-09 1
3.644294e-09 1
3.665275e-09 1
3.621297e-09 1
3.673985e-09 1
3.657258e-09 1
3.598907e-09 1
3.573105e-09 1
3.604678e-09 1
3.252576e-09 1
3.176277e-09 1
3.084195e-09 1
3.604029e-09 1
3.447483e-09 1
3.496714e-09 1
3.405183e-09 1
3.507082e-09 1
3.487553e-09 1
3.595090e-09 1
3.651578e-09 1
3.587326e-09 1
3.701181e-09 1
3.699183e-09 1
3.699914e-09 1
3.584620e-09 1
3.504204e-09 1
3.618129e-09 1
3.397007e-09 1
3.412447e-09 1
3.339483e-09 1
3.638867e-09 1
3.678420e-09 1
3.659045e-09 1
3.453866e-09 1
3.404042e-09 1
3.468283e-09 1
3.624456e-09 1
3.559622e-09 1
3.642137e-09 1
3.268304e-09 1
3.473787e-09 1
3.434046e-09 1
3.504718e-09 1
3.440427e-09 1
3.469539e-09 1
3.337924e-09 1
3.474813e-09 1
3.542446e-09 1
3.252314e-09 1
3.345361e-09 1
3.440548e-09 1
3.525501e-09 1
3.582234e-09 1
3.531716e-09 1
3.631724e-09 1
3.676072e-09 1
3.668963e-09 1
3.476829e-09 1
3.548484e-09 1
3.577752e-09 1
3.463323e-09 1
3.436647e-09 1
3.575572e-09 1
3.571780e-09 1
3.553768e-09 1
3.534264e-09 1
3.584092e-09 1
3.641955e-09 1
3.628063e-09 1
3.398485e-09 1
3.551335e-09 1
3.493198e-09 1
3.560774e-09 1
3.491371e-09 1
3.496185e-09 1
3.544145e-09 1
3.600501e-09 1
3.545886e-09 1
3.501300e-09 1
3.590461e-09 1
3.515286e-09 1
3.606513e-09 1
3.617651e-09 1
3.550025e-09 1
3.434358e-09 1
3.098099e-09 1
3.387855e-09 1
3.637599e-09 1
3.656811e-09 1
3.670726e-09 1
3.516490e-09 1
3.602916e-09 1
3.527791e-09 1
3.314505e-09 1
2.991332e-09 1
3.063203e-09 1
3.629237e-09 1
3.612063e-09 1
3.608331e-09 1
3.492198e-09 1
3.512094e-09 1
3.488903e-09 1
3.704464e-09 1
3.702602e-09 1
3.703273e-09 1
3.524268e-09 1
3.504476e-09 1
3.408021e-09 1
3.556723e-09 1
3.601775e-09 1
3.548183e-09 1
3.621355e-09 1
3.610714e-09 1
3.524724e-09 1
3.532831e-09 1
3.591903e-09 1
3.552477e-09 1
3.466882e-09 1
3.351032e-09 1
3.214383e-09 1
3.609106e-09 1
3.594116e-09 1
3.634647e-09 1
3.691084e-09 1
3.653706e-09 1
3.694268e-09 1
3.684741e-09 1
3.653390e-09 1
3.689978e-09 1
3.510716e-09 1
3.566904e-09 1
3.490614e-09 1
3.605444e-09 1
3.570227e-09 1
3.552211e-09 1
3.625913e-09 1
3.620796e-09 1
3.674227e-09 1
3.495962e-09 1
3.487321e-09 1
3.472424e-09 1
3.530505e-09 1
3.285845e-09 1
3.461846e-09 1
3.319781e-09 1
3.458244e-09 1
3.359262e-09 1
3.617637e-09 1
3.639096e-09 1
3.613698e-09 1
3.386112e-09 1
3.557800e-09 1
3.543531e-09 1
3.597480e-09 1
3.630795e-09 1
3.448933e-09 1
3.633797e-09 1
3.581601e-09 1
3.652988e-09 1
3.576824e-09 1
3.435782e-09 1
3.519708e-09 1
3.536658e-09 1
3.488548e-09 1
3.565646e-09 1
3.537216e-09 1
3.462229e-09 1
3.523838e-09 1
3.540092e-09 1
3.400135e-09 1
3.519926e-09 1
3.490864e-09 1
3.523232e-09 1
3.477461e-09 1
3.622745e-09 1
3.664524e-09 1
3.678939e-09 1
3.439003e-09 1
3.393962e-09 1
3.315120e-09 1
3.539179e-09 1
3.411811e-09 1
3.430356e-09 1
3.329148e-09 1
3.497685e-09 1
3.485937e-09 1
3.569488e-09 1
3.623082e-09 1
3.609156e-09 1
3.567640e-09 1
3.618831e-09 1
3.641466e-09 1
3.559007e-09 1
3.552598e-09 1
3.616880e-09 1
3.520065e-09 1
3.649344e-09 1
3.633362e-09 1
3.607255e-09 1
3.640150e-09 1
3.632259e-09 1
3.582447e-09 1
3.515729e-09 1
3.603988e-09 1
3.261914e-09 1
3.304584e-09 1
3.288390e-09 1
3.334600e-09 1
3.429096e-09 1
3.454956e-09 1
3.688781e-09 1
3.656983e-09 1
3.636720e-09 1
3.434306e-09 1
3.170801e-09 1
3.473787e-09 1
3.552951e-09 1
3.595709e-09 1
3.513084e-09 1
3.421379e-09 1
3.141328e-09 1
3.356857e-09 1
3.512835e-09 1
3.552959e-09 1
3.593846e-09 1
3.537696e-09 1
3.545978e-09 1
3.632124e-09 1
3.472504e-09 1
3.476634e-09 1
3.512821e-09 1
3.522472e-09 1
3.558126e-09 1
3.633827e-09 1
3.504382e-09 1
3.525829e-09 1
3.482357e-09 1
3.499342e-09 1
3.570670e-09 1
3.460068e-09 1
3.448762e-09 1
3.277201e-09 1
3.284277e-09 1
3.644312e-09 1
3.587046e-09 1
3.575499e-09 1
3.477642e-09 1
3.617483e-09 1
3.563406e-09 1
3.394071e-09 1
3.349411e-09 1
3.445078e-09 1
3.369243e-09 1
3.378809e-09 1
3.414951e-09 1
3.676848e-09 1
3.665994e-09 1
3.669284e-09 1
3.373593e-09 1
3.403778e-09 1
3.392704e-09 1
3.437158e-09 1
3.526736e-09 1
3.586106e-09 1
3.438712e-09 1
3.538235e-09 1
3.590835e-09 1
3.547951e-09 1
3.575716e-09 1
3.557327e-09 1
3.589055e-09 1
3.663530e-09 1
3.647323e-09 1
3.413045e-09 1
3.516929e-09 1
3.493158e-09 1
3.555388e-09 1
3.556993e-09 1
3.479451e-09 1
3.450029e-09 1
3.256462e-09 1
3.529029e-09 1
3.341170e-09 1
3.058166e-09 1
3.215048e-09 1
3.559983e-09 1
3.556523e-09 1
3.558187e-09 1
3.279342e-09 1
3.214179e-09 1
3.468137e-09 1
3.467644e-09 1
3.527060e-09 1
3.542520e-09 1
3.420893e-09 1
3.455332e-09 1
3.378233e-09 1
3.526717e-09 1
3.567181e-09 1
3.639835e-09 1



Average 0:  3.511126e-09 324.000000
Negative elements: 0
108
