1.506881e-09 1
1.556936e-09 1
1.466861e-09 1
1.539210e-09 1
1.580322e-09 1
1.593887e-09 1
1.580629e-09 1
1.490553e-09 1
1.404824e-09 1
1.786109e-09 1
1.617044e-09 1
1.782639e-09 1
1.346277e-09 1
1.356606e-09 1
1.369874e-09 1
1.337779e-09 1
1.443013e-09 1
1.490975e-09 1
1.403906e-09 1
1.665286e-09 1
1.608308e-09 1
1.413667e-09 1
1.486446e-09 1
1.380172e-09 1
1.365042e-09 1
1.259399e-09 1
1.400710e-09 1
1.529649e-09 1
1.542966e-09 1
1.561590e-09 1
1.474747e-09 1
1.426114e-09 1
1.426159e-09 1
1.356295e-09 1
1.492763e-09 1
1.484650e-09 1
1.359469e-09 1
1.297944e-09 1
1.301066e-09 1
1.460839e-09 1
1.578648e-09 1
1.470263e-09 1
1.187822e-09 1
1.325245e-09 1
1.497502e-09 1
1.403146e-09 1
1.374235e-09 1
1.542986e-09 1
1.438315e-09 1
1.440499e-09 1
1.462372e-09 1
1.509539e-09 1
1.421439e-09 1
1.666812e-09 1
1.333600e-09 1
1.496198e-09 1
1.543194e-09 1
1.616530e-09 1
1.611630e-09 1
1.690380e-09 1
1.540988e-09 1
1.499236e-09 1
1.464264e-09 1
1.601207e-09 1
1.548332e-09 1
1.828842e-09 1
1.531469e-09 1
1.628372e-09 1
1.679053e-09 1
1.456471e-09 1
1.543657e-09 1
1.543215e-09 1
1.273927e-09 1
1.445891e-09 1
1.511279e-09 1
1.708016e-09 1
1.577173e-09 1
1.726827e-09 1
1.731639e-09 1
1.719616e-09 1
1.585901e-09 1
1.338175e-09 1
1.387348e-09 1
1.396652e-09 1
1.427052e-09 1
1.635063e-09 1
1.562602e-09 1
1.255348e-09 1
1.436825e-09 1
1.225808e-09 1
1.203009e-09 1
1.378320e-09 1
1.474060e-09 1
1.672724e-09 1
1.622272e-09 1
1.677068e-09 1
1.482214e-09 1
1.377231e-09 1
1.359839e-09 1
1.871782e-09 1
1.780707e-09 1
1.859082e-09 1
1.504050e-09 1
1.346219e-09 1
1.582558e-09 1
1.666039e-09 1
1.570751e-09 1
1.355225e-09 1
1.444362e-09 1
1.603320e-09 1
1.651495e-09 1
1.481832e-09 1
1.589413e-09 1
1.477318e-09 1
1.736860e-09 1
1.487966e-09 1
1.515468e-09 1
1.438998e-09 1
1.589105e-09 1
1.472239e-09 1
1.623365e-09 1
1.562962e-09 1
1.495238e-09 1
1.573305e-09 1
1.483515e-09 1
1.435119e-09 1
1.686441e-09 1
1.621125e-09 1
1.546515e-09 1
1.482079e-09 1
1.356399e-09 1
1.390736e-09 1
1.511911e-09 1
1.684016e-09 1
1.569235e-09 1
1.615089e-09 1
1.560744e-09 1
1.644074e-09 1
1.622749e-09 1
1.653040e-09 1
1.601158e-09 1
1.671809e-09 1
1.499995e-09 1
1.704516e-09 1
1.553666e-09 1
1.421840e-09 1
1.597845e-09 1
1.565986e-09 1
1.738134e-09 1
1.771322e-09 1
1.427060e-09 1
1.676239e-09 1
1.556401e-09 1
1.660851e-09 1
1.418323e-09 1
1.608494e-09 1
1.494765e-09 1
1.537607e-09 1
1.460499e-09 1
1.389944e-09 1
1.429163e-09 1
1.514046e-09 1
1.721057e-09 1
1.811181e-09 1
1.733765e-09 1
1.707907e-09 1
1.463812e-09 1
1.499881e-09 1
1.593033e-09 1
1.571230e-09 1
1.443625e-09 1
1.794359e-09 1
1.687021e-09 1
1.729521e-09 1
1.718617e-09 1
1.651342e-09 1
1.660880e-09 1
1.739471e-09 1
1.695470e-09 1
1.551447e-09 1
1.592562e-09 1
1.589168e-09 1
1.705645e-09 1
1.510037e-09 1
1.755642e-09 1
1.661964e-09 1
1.554126e-09 1
1.565361e-09 1
1.533936e-09 1
1.372669e-09 1
1.607407e-09 1
1.411675e-09 1
1.376029e-09 1
1.515499e-09 1
1.497589e-09 1
1.597805e-09 1
1.484487e-09 1
1.514250e-09 1
1.447078e-09 1
1.557361e-09 1
1.513989e-09 1
1.523644e-09 1
1.485175e-09 1
1.464766e-09 1
1.721180e-09 1
1.724199e-09 1
1.596640e-09 1
1.741572e-09 1
1.673407e-09 1
1.556064e-09 1
1.562781e-09 1
1.488265e-09 1
1.430799e-09 1
1.734287e-09 1
1.529008e-09 1
1.602924e-09 1
1.586549e-09 1
1.588251e-09 1
1.571786e-09 1
1.690642e-09 1
1.463717e-09 1
1.534911e-09 1
1.658828e-09 1
1.409143e-09 1
1.636420e-09 1
1.477094e-09 1
1.290457e-09 1
1.470712e-09 1
1.817709e-09 1
1.794676e-09 1
1.800861e-09 1
1.481504e-09 1
1.639984e-09 1
1.605510e-09 1
1.357543e-09 1
1.596722e-09 1
1.371930e-09 1
1.585743e-09 1
1.592692e-09 1
1.412562e-09 1
1.546527e-09 1
1.337796e-09 1
1.545784e-09 1
1.636458e-09 1
1.741317e-09 1
1.602527e-09 1
1.521424e-09 1
1.815754e-09 1
1.602537e-09 1
1.407291e-09 1
1.490089e-09 1
1.473645e-09 1
1.508917e-09 1
1.592047e-09 1
1.663361e-09 1
1.629670e-09 1
1.727310e-09 1
1.544154e-09 1
1.583503e-09 1
1.412494e-09 1
1.601311e-09 1
1.622928e-09 1
1.806890e-09 1
1.721936e-09 1
1.425741e-09 1
1.449245e-09 1
1.527117e-09 1
1.641164e-09 1
1.662308e-09 1
1.724302e-09 1
1.327187e-09 1
1.383970e-09 1
1.270302e-09 1
1.461588e-09 1
1.707834e-09 1
1.395726e-09 1
1.589610e-09 1
1.593741e-09 1
1.580110e-09 1
1.563709e-09 1
1.513254e-09 1
1.543642e-09 1
1.435992e-09 1
1.676532e-09 1
1.643477e-09 1
1.523343e-09 1
1.530694e-09 1
1.645203e-09 1
1.442951e-09 1
1.488084e-09 1
1.621096e-09 1
1.693252e-09 1
1.521234e-09 1
1.518456e-09 1
1.622042e-09 1
1.664907e-09 1
1.742752e-09 1
1.808599e-09 1
1.591184e-09 1
1.715714e-09 1
1.877882e-09 1
1.665206e-09 1
1.717951e-09 1
1.635885e-09 1
1.790352e-09 1
1.593058e-09 1
1.618165e-09 1
1.535677e-09 1
1.436981e-09 1
1.316422e-09 1
1.303978e-09 1
1.231986e-09 1
1.368038e-09 1
1.359820e-09 1
1.380556e-09 1
1.655445e-09 1
1.645635e-09 1
1.519035e-09 1
1.710810e-09 1
1.728643e-09 1
1.607016e-09 1
1.432424e-09 1
1.526741e-09 1
1.357790e-09 1



Average 0:  1.545873e-09 324.000000
Negative elements: 0
108
