1.553286e-09 1
1.466314e-09 1
1.459553e-09 1
1.460960e-09 1
1.592799e-09 1
1.514727e-09 1
1.491103e-09 1
1.399616e-09 1
1.400335e-09 1
1.526621e-09 1
1.646679e-09 1
1.446210e-09 1
1.460499e-09 1
1.450824e-09 1
1.227946e-09 1
1.677058e-09 1
1.499129e-09 1
1.468438e-09 1
1.545626e-09 1
1.693982e-09 1
1.468356e-09 1
1.438567e-09 1
1.468897e-09 1
1.402344e-09 1
1.673223e-09 1
1.551430e-09 1
1.745965e-09 1
1.407962e-09 1
1.364125e-09 1
1.412847e-09 1
1.553752e-09 1
1.481851e-09 1
1.527306e-09 1
1.536816e-09 1
1.437934e-09 1
1.579809e-09 1
1.588809e-09 1
1.451185e-09 1
1.310606e-09 1
1.337228e-09 1
1.557913e-09 1
1.401354e-09 1
1.640213e-09 1
1.682584e-09 1
1.682475e-09 1
1.445917e-09 1
1.374998e-09 1
1.397946e-09 1
1.354612e-09 1
1.352344e-09 1
1.150210e-09 1
1.702370e-09 1
1.562477e-09 1
1.672462e-09 1
1.739596e-09 1
1.639861e-09 1
1.565783e-09 1
1.647907e-09 1
1.542657e-09 1
1.550365e-09 1
1.585723e-09 1
1.562847e-09 1
1.668936e-09 1
1.332791e-09 1
1.380722e-09 1
1.476960e-09 1
1.474249e-09 1
1.658149e-09 1
1.650444e-09 1
1.615603e-09 1
1.588307e-09 1
1.433586e-09 1
1.440218e-09 1
1.586345e-09 1
1.555624e-09 1
1.293820e-09 1
1.420801e-09 1
1.389131e-09 1
1.433140e-09 1
1.556143e-09 1
1.559009e-09 1
1.352360e-09 1
1.732298e-09 1
1.524287e-09 1
1.371950e-09 1
1.283989e-09 1
1.445343e-09 1
1.320101e-09 1
1.424068e-09 1
1.541871e-09 1
1.432849e-09 1
1.452691e-09 1
1.562096e-09 1
1.693945e-09 1
1.716585e-09 1
1.712112e-09 1
1.629887e-09 1
1.767616e-09 1
1.780877e-09 1
1.536780e-09 1
1.579834e-09 1
1.552337e-09 1
1.610506e-09 1
1.562372e-09 1
1.526206e-09 1
1.445243e-09 1
1.709072e-09 1
1.462848e-09 1
1.457776e-09 1
1.318125e-09 1
1.413827e-09 1
1.567377e-09 1
1.616465e-09 1
1.743446e-09 1
1.277061e-09 1
1.501470e-09 1
1.513379e-09 1
1.516995e-09 1
1.540634e-09 1
1.589505e-09 1
1.334396e-09 1
1.340922e-09 1
1.403748e-09 1
1.830705e-09 1
1.646220e-09 1
1.685011e-09 1
1.207281e-09 1
1.429004e-09 1
1.280681e-09 1
1.223059e-09 1
1.551394e-09 1
1.445730e-09 1
1.437775e-09 1
1.716240e-09 1
1.829880e-09 1
1.405258e-09 1
1.548335e-09 1
1.382752e-09 1
1.669045e-09 1
1.597734e-09 1
1.633481e-09 1
1.651191e-09 1
1.650214e-09 1
1.788252e-09 1
1.550355e-09 1
1.517200e-09 1
1.427379e-09 1
1.481610e-09 1
1.484431e-09 1
1.597569e-09 1
1.253346e-09 1
1.579749e-09 1
1.487612e-09 1
1.456180e-09 1
1.544353e-09 1
1.442770e-09 1
1.626108e-09 1
1.804538e-09 1
1.554107e-09 1
1.676473e-09 1
1.553697e-09 1
1.616509e-09 1
1.636482e-09 1
1.484352e-09 1
1.683363e-09 1
1.808910e-09 1
1.874421e-09 1
1.752166e-09 1
1.761732e-09 1
1.669622e-09 1
1.668893e-09 1
1.437437e-09 1
1.667158e-09 1
1.510388e-09 1
1.478507e-09 1
1.345323e-09 1
1.277600e-09 1
1.452820e-09 1
1.538397e-09 1
1.465123e-09 1
1.579615e-09 1
1.631735e-09 1
1.453540e-09 1
1.632020e-09 1
1.316550e-09 1
1.418379e-09 1
1.454159e-09 1
1.754454e-09 1
1.524916e-09 1
1.651297e-09 1
1.696706e-09 1
1.523569e-09 1
1.477924e-09 1
1.400492e-09 1
1.396911e-09 1
1.763961e-09 1
1.654332e-09 1
1.691257e-09 1
1.433578e-09 1
1.523416e-09 1
1.573214e-09 1
1.205312e-09 1
1.468787e-09 1
1.341696e-09 1
1.545625e-09 1
1.475780e-09 1
1.356200e-09 1
1.485272e-09 1
1.523747e-09 1
1.696400e-09 1
1.613121e-09 1
1.702433e-09 1
1.456822e-09 1
1.503510e-09 1
1.674375e-09 1
1.503661e-09 1
1.410361e-09 1
1.446105e-09 1
1.547539e-09 1
1.528180e-09 1
1.585104e-09 1
1.416775e-09 1
1.556529e-09 1
1.538490e-09 1
1.314844e-09 1
1.765792e-09 1
1.455707e-09 1
1.740929e-09 1
1.492638e-09 1
1.491669e-09 1
1.452763e-09 1
1.479145e-09 1
1.423083e-09 1
1.444526e-09 1
1.385197e-09 1
1.470028e-09 1
1.410743e-09 1
1.743168e-09 1
1.905758e-09 1
1.886173e-09 1
1.629543e-09 1
1.492281e-09 1
1.611145e-09 1
1.702845e-09 1
1.730741e-09 1
1.675769e-09 1
1.603278e-09 1
1.543232e-09 1
1.641972e-09 1
1.514342e-09 1
1.515325e-09 1
1.342561e-09 1
1.583253e-09 1
1.692290e-09 1
1.591221e-09 1
1.670307e-09 1
1.739280e-09 1
1.605117e-09 1
1.526262e-09 1
1.418856e-09 1
1.220907e-09 1
1.461918e-09 1
1.394348e-09 1
1.583996e-09 1
1.364609e-09 1
1.331467e-09 1
1.471454e-09 1
1.438006e-09 1
1.227693e-09 1
1.494269e-09 1
1.497493e-09 1
1.545416e-09 1
1.296896e-09 1
1.422182e-09 1
1.530837e-09 1
1.408596e-09 1
1.480302e-09 1
1.560436e-09 1
1.301125e-09 1
1.702095e-09 1
1.643734e-09 1
1.816251e-09 1
1.709407e-09 1
1.505985e-09 1
1.671411e-09 1
1.424295e-09 1
1.433245e-09 1
1.601174e-09 1
1.455740e-09 1
1.514042e-09 1
1.508222e-09 1
1.537745e-09 1
1.522256e-09 1
1.538711e-09 1
1.461266e-09 1
1.561545e-09 1
1.440914e-09 1
1.466069e-09 1
1.476305e-09 1
1.619855e-09 1
1.509857e-09 1
1.520028e-09 1
1.729381e-09 1
1.651706e-09 1
1.504940e-09 1
1.773199e-09 1
1.603548e-09 1
1.654274e-09 1
1.509789e-09 1
1.505063e-09 1
1.446320e-09 1
1.525054e-09 1
1.343748e-09 1
1.384686e-09 1
1.453016e-09 1
1.334826e-09 1
1.294786e-09 1
1.456216e-09 1
1.373744e-09 1
1.440836e-09 1
1.258826e-09 1
1.458642e-09 1
1.355599e-09 1
1.468517e-09 1



Average 0:  1.523805e-09 324.000000
Negative elements: 0
108
