1.482185e-09 1
1.329267e-09 1
1.470190e-09 1
1.298723e-09 1
1.405190e-09 1
1.550784e-09 1
1.242727e-09 1
1.520345e-09 1
1.343657e-09 1
1.187812e-09 1
1.416767e-09 1
1.282181e-09 1
1.304114e-09 1
1.342267e-09 1
1.412173e-09 1
1.174387e-09 1
1.309040e-09 1
1.455510e-09 1
1.358129e-09 1
1.474270e-09 1
1.390415e-09 1
1.601876e-09 1
1.503392e-09 1
1.526826e-09 1
1.635651e-09 1
1.575522e-09 1
1.674228e-09 1
1.840196e-09 1
1.787261e-09 1
1.745646e-09 1
1.325314e-09 1
1.411340e-09 1
1.450248e-09 1
1.311629e-09 1
1.224368e-09 1
1.303703e-09 1
1.646993e-09 1
1.619957e-09 1
1.558275e-09 1
1.492420e-09 1
1.585130e-09 1
1.500780e-09 1
1.268146e-09 1
1.477888e-09 1
1.572327e-09 1
1.722361e-09 1
1.584351e-09 1
1.482947e-09 1
1.627052e-09 1
1.548268e-09 1
1.527436e-09 1
1.736088e-09 1
1.661822e-09 1
1.669228e-09 1
1.578228e-09 1
1.450612e-09 1
1.433759e-09 1
1.531940e-09 1
1.457026e-09 1
1.304849e-09 1
1.540466e-09 1
1.562497e-09 1
1.556963e-09 1
1.484604e-09 1
1.640587e-09 1
1.716052e-09 1
1.481760e-09 1
1.459015e-09 1
1.519547e-09 1
1.339171e-09 1
1.454433e-09 1
1.587599e-09 1
1.440553e-09 1
1.380587e-09 1
1.312656e-09 1
1.292233e-09 1
1.409778e-09 1
1.425515e-09 1
1.743391e-09 1
1.564973e-09 1
1.594842e-09 1
1.650510e-09 1
1.630881e-09 1
1.690648e-09 1
1.594356e-09 1
1.487044e-09 1
1.436124e-09 1
1.654748e-09 1
1.625065e-09 1
1.397820e-09 1
1.466494e-09 1
1.387684e-09 1
1.335759e-09 1
1.403571e-09 1
1.512610e-09 1
1.671626e-09 1
1.402543e-09 1
1.266106e-09 1
1.312716e-09 1
1.535073e-09 1
1.604359e-09 1
1.495836e-09 1
1.588660e-09 1
1.576652e-09 1
1.622977e-09 1
1.457162e-09 1
1.373835e-09 1
1.503567e-09 1
1.713330e-09 1
1.770629e-09 1
1.523897e-09 1
1.442246e-09 1
1.537465e-09 1
1.445492e-09 1
1.660237e-09 1
1.585813e-09 1
1.598172e-09 1
1.328487e-09 1
1.453220e-09 1
1.410239e-09 1
1.648773e-09 1
1.555616e-09 1
1.587906e-09 1
1.613191e-09 1
1.395307e-09 1
1.504251e-09 1
1.626827e-09 1
1.356667e-09 1
1.554751e-09 1
1.391977e-09 1
1.471402e-09 1
1.526612e-09 1
1.433967e-09 1
1.506473e-09 1
1.621385e-09 1
1.164464e-09 1
1.453631e-09 1
1.359626e-09 1
1.370431e-09 1
1.348783e-09 1
1.439291e-09 1
1.543508e-09 1
1.415625e-09 1
1.401917e-09 1
1.635351e-09 1
1.460348e-09 1
1.639399e-09 1
1.535572e-09 1
1.629769e-09 1
1.506580e-09 1
1.510200e-09 1
1.579357e-09 1
1.593207e-09 1
1.813561e-09 1
2.010207e-09 1
1.872641e-09 1
1.548149e-09 1
1.681874e-09 1
1.536131e-09 1
1.631186e-09 1
1.658630e-09 1
1.393610e-09 1
1.692735e-09 1
1.765358e-09 1
1.571908e-09 1
1.671229e-09 1
1.799968e-09 1
1.686157e-09 1
1.451848e-09 1
1.359883e-09 1
1.396929e-09 1
1.836136e-09 1
1.776630e-09 1
1.682030e-09 1
1.577844e-09 1
1.643293e-09 1
1.440443e-09 1
1.732033e-09 1
1.521487e-09 1
1.538480e-09 1
1.377443e-09 1
1.465861e-09 1
1.610809e-09 1
1.392064e-09 1
1.552998e-09 1
1.700444e-09 1
1.403050e-09 1
1.577945e-09 1
1.458766e-09 1
1.328759e-09 1
1.429679e-09 1
1.540232e-09 1
1.530862e-09 1
1.641269e-09 1
1.431153e-09 1
1.557883e-09 1
1.562994e-09 1
1.564844e-09 1
1.699060e-09 1
1.742013e-09 1
1.653179e-09 1
1.503652e-09 1
1.516833e-09 1
1.396999e-09 1
1.340855e-09 1
1.360607e-09 1
1.332025e-09 1
1.587326e-09 1
1.421605e-09 1
1.717763e-09 1
1.567336e-09 1
1.673484e-09 1
1.779166e-09 1
1.631947e-09 1
1.680176e-09 1
1.423290e-09 1
1.492992e-09 1
1.621922e-09 1
1.541095e-09 1
1.397138e-09 1
1.279633e-09 1
1.546487e-09 1
1.648159e-09 1
1.476277e-09 1
1.449993e-09 1
1.631775e-09 1
1.602477e-09 1
1.572877e-09 1
1.793341e-09 1
1.614340e-09 1
1.560836e-09 1
1.634405e-09 1
1.732549e-09 1
1.549094e-09 1
1.335942e-09 1
1.546592e-09 1
1.591974e-09 1
1.519368e-09 1
1.494330e-09 1
1.358850e-09 1
1.639199e-09 1
1.554226e-09 1
1.850136e-09 1
1.439888e-09 1
1.481141e-09 1
1.431696e-09 1
1.505041e-09 1
1.734463e-09 1
1.616668e-09 1
1.280170e-09 1
1.438346e-09 1
1.386849e-09 1
1.674927e-09 1
1.817202e-09 1
1.501696e-09 1
1.379780e-09 1
1.507212e-09 1
1.413072e-09 1
1.493248e-09 1
1.449916e-09 1
1.543940e-09 1
1.804736e-09 1
1.682670e-09 1
1.628304e-09 1
1.722110e-09 1
1.620619e-09 1
1.692291e-09 1
1.758663e-09 1
1.636663e-09 1
1.711620e-09 1
1.557573e-09 1
1.433152e-09 1
1.417681e-09 1
1.738463e-09 1
1.763607e-09 1
1.648889e-09 1
1.687558e-09 1
1.855576e-09 1
1.765797e-09 1
1.335850e-09 1
1.687939e-09 1
1.372635e-09 1
1.508194e-09 1
1.426927e-09 1
1.323173e-09 1
1.542413e-09 1
1.784513e-09 1
1.698539e-09 1
1.334074e-09 1
1.518980e-09 1
1.227550e-09 1
1.365850e-09 1
1.223852e-09 1
1.296719e-09 1
1.807293e-09 1
1.679537e-09 1
1.636696e-09 1
1.635330e-09 1
1.371194e-09 1
1.390458e-09 1
1.757062e-09 1
1.635155e-09 1
1.614071e-09 1
1.787308e-09 1
1.785234e-09 1
1.629072e-09 1
1.814313e-09 1
1.883051e-09 1
1.836659e-09 1
1.754146e-09 1
1.439639e-09 1
1.557832e-09 1
1.718520e-09 1
1.506545e-09 1
1.329575e-09 1
1.619061e-09 1
1.469162e-09 1
1.366015e-09 1
1.400298e-09 1
1.446339e-09 1
1.423838e-09 1
1.656667e-09 1
1.510099e-09 1
1.638889e-09 1



Average 0:  1.534557e-09 324.000000
Negative elements: 0
108
