1.443217e-09 1
1.596716e-09 1
1.602394e-09 1
1.536299e-09 1
1.577932e-09 1
1.685220e-09 1
1.333725e-09 1
1.524760e-09 1
1.274946e-09 1
1.437634e-09 1
1.482784e-09 1
1.406996e-09 1
1.553846e-09 1
1.518953e-09 1
1.498642e-09 1
1.564283e-09 1
1.517767e-09 1
1.650386e-09 1
1.579966e-09 1
1.749242e-09 1
1.667783e-09 1
1.816515e-09 1
1.859100e-09 1
1.703299e-09 1
1.637340e-09 1
1.773145e-09 1
1.765832e-09 1
1.579909e-09 1
1.554822e-09 1
1.396390e-09 1
1.465180e-09 1
1.523742e-09 1
1.464425e-09 1
1.542174e-09 1
1.397323e-09 1
1.431812e-09 1
1.411077e-09 1
1.474588e-09 1
1.327324e-09 1
1.589792e-09 1
1.623776e-09 1
1.774798e-09 1
1.256626e-09 1
1.352816e-09 1
1.237074e-09 1
1.058309e-09 1
1.194855e-09 1
1.334218e-09 1
1.392792e-09 1
1.613812e-09 1
1.572269e-09 1
1.584549e-09 1
1.663135e-09 1
1.527805e-09 1
1.290667e-09 1
1.574633e-09 1
1.387974e-09 1
1.564655e-09 1
1.470022e-09 1
1.549041e-09 1
1.526743e-09 1
1.532821e-09 1
1.508493e-09 1
1.542446e-09 1
1.645069e-09 1
1.580725e-09 1
1.600070e-09 1
1.698917e-09 1
1.585767e-09 1
1.651865e-09 1
1.562433e-09 1
1.678273e-09 1
1.540245e-09 1
1.581840e-09 1
1.665107e-09 1
1.682564e-09 1
1.583050e-09 1
1.663549e-09 1
1.742200e-09 1
1.780735e-09 1
1.591374e-09 1
1.811163e-09 1
1.698202e-09 1
1.707916e-09 1
1.495028e-09 1
1.488514e-09 1
1.630009e-09 1
1.326072e-09 1
1.495803e-09 1
1.406876e-09 1
1.362486e-09 1
1.128439e-09 1
1.262847e-09 1
1.668242e-09 1
1.487388e-09 1
1.368230e-09 1
1.436400e-09 1
1.339948e-09 1
1.340507e-09 1
1.550186e-09 1
1.529095e-09 1
1.444634e-09 1
1.503871e-09 1
1.640186e-09 1
1.465106e-09 1
1.351110e-09 1
1.592033e-09 1
1.599361e-09 1
1.455819e-09 1
1.291194e-09 1
1.544648e-09 1
1.404966e-09 1
1.473094e-09 1
1.339752e-09 1
1.378796e-09 1
1.454170e-09 1
1.302965e-09 1
1.307440e-09 1
1.563337e-09 1
1.239473e-09 1
1.525567e-09 1
1.557298e-09 1
1.632775e-09 1
1.588307e-09 1
1.712871e-09 1
1.430915e-09 1
1.673656e-09 1
1.585710e-09 1
1.510067e-09 1
1.527088e-09 1
1.630877e-09 1
1.470292e-09 1
1.485816e-09 1
1.424906e-09 1
1.624077e-09 1
1.541813e-09 1
1.503599e-09 1
1.593107e-09 1
1.587678e-09 1
1.338127e-09 1
1.681915e-09 1
1.593634e-09 1
1.648047e-09 1
1.810066e-09 1
1.690890e-09 1
1.630869e-09 1
1.496938e-09 1
1.675332e-09 1
1.573231e-09 1
1.638772e-09 1
1.613611e-09 1
1.476129e-09 1
1.618601e-09 1
1.702818e-09 1
1.522817e-09 1
1.619137e-09 1
1.455061e-09 1
1.665731e-09 1
1.504734e-09 1
1.729556e-09 1
1.448932e-09 1
1.811789e-09 1
1.395987e-09 1
1.440861e-09 1
1.277022e-09 1
1.842816e-09 1
1.861037e-09 1
1.674320e-09 1
1.600940e-09 1
1.635903e-09 1
1.654067e-09 1
1.308570e-09 1
1.412177e-09 1
1.310499e-09 1
1.376067e-09 1
1.407829e-09 1
1.598704e-09 1
1.619263e-09 1
1.502600e-09 1
1.580809e-09 1
1.652568e-09 1
1.539836e-09 1
1.645507e-09 1
1.518347e-09 1
1.353371e-09 1
1.455944e-09 1
1.439353e-09 1
1.604627e-09 1
1.524311e-09 1
1.489741e-09 1
1.463274e-09 1
1.618209e-09 1
1.467597e-09 1
1.704283e-09 1
1.622513e-09 1
1.642279e-09 1
1.473123e-09 1
1.559185e-09 1
1.442123e-09 1
1.568447e-09 1
1.558586e-09 1
1.553728e-09 1
1.430440e-09 1
1.651194e-09 1
1.559211e-09 1
1.520165e-09 1
1.665039e-09 1
1.401542e-09 1
1.482903e-09 1
1.312891e-09 1
1.425043e-09 1
1.436046e-09 1
1.528959e-09 1
1.405633e-09 1
1.401232e-09 1
1.407888e-09 1
1.397124e-09 1
1.742112e-09 1
1.475065e-09 1
1.534682e-09 1
1.462056e-09 1
1.468469e-09 1
1.493212e-09 1
1.436654e-09 1
1.682331e-09 1
1.788921e-09 1
1.636722e-09 1
1.534651e-09 1
1.715063e-09 1
1.765481e-09 1
1.851301e-09 1
1.470766e-09 1
1.649031e-09 1
1.528609e-09 1
1.440129e-09 1
1.691367e-09 1
1.488146e-09 1
1.720406e-09 1
1.544151e-09 1
1.645856e-09 1
1.357797e-09 1
1.348025e-09 1
1.654874e-09 1
1.370567e-09 1
1.468939e-09 1
1.318940e-09 1
1.465496e-09 1
1.508746e-09 1
1.312150e-09 1
1.416389e-09 1
1.391458e-09 1
1.526092e-09 1
1.352335e-09 1
1.516740e-09 1
1.298857e-09 1
1.392052e-09 1
1.533647e-09 1
1.572680e-09 1
1.402058e-09 1
1.400542e-09 1
1.631754e-09 1
1.350352e-09 1
1.435597e-09 1
1.645214e-09 1
1.311154e-09 1
1.318426e-09 1
1.387690e-09 1
1.470304e-09 1
1.340771e-09 1
1.567763e-09 1
1.355197e-09 1
1.307800e-09 1
1.321532e-09 1
1.532260e-09 1
1.653243e-09 1
1.480775e-09 1
1.432654e-09 1
1.439527e-09 1
1.649498e-09 1
1.501252e-09 1
1.613240e-09 1
1.621676e-09 1
1.531304e-09 1
1.334518e-09 1
1.615370e-09 1
1.380522e-09 1
1.296054e-09 1
1.294747e-09 1
1.654330e-09 1
1.424909e-09 1
1.447546e-09 1
1.716527e-09 1
1.704816e-09 1
1.656862e-09 1
1.607855e-09 1
1.360211e-09 1
1.581923e-09 1
1.529653e-09 1
1.732934e-09 1
1.539382e-09 1
1.618283e-09 1
1.644508e-09 1
1.624245e-09 1
1.595302e-09 1
1.644288e-09 1
1.366687e-09 1
1.359312e-09 1
1.400858e-09 1
1.457817e-09 1
1.438337e-09 1
1.523794e-09 1
1.566066e-09 1
1.370200e-09 1
1.420008e-09 1
1.397481e-09 1
1.331357e-09 1
1.232886e-09 1
1.325456e-09 1
1.337872e-09 1
1.625886e-09 1
1.432254e-09 1
1.616278e-09 1
1.650514e-09 1
1.650992e-09 1



Average 0:  1.520145e-09 324.000000
Negative elements: 0
108
