1.564033e-09 1
1.474902e-09 1
1.545512e-09 1
1.432840e-09 1
1.438334e-09 1
1.429719e-09 1
1.718600e-09 1
1.581693e-09 1
1.581638e-09 1
1.507301e-09 1
1.534116e-09 1
1.723237e-09 1
1.435526e-09 1
1.526443e-09 1
1.378213e-09 1
1.388513e-09 1
1.590178e-09 1
1.248946e-09 1
1.392325e-09 1
1.318875e-09 1
1.430604e-09 1
1.694592e-09 1
1.557984e-09 1
1.560079e-09 1
1.574882e-09 1
1.350784e-09 1
1.323419e-09 1
1.325659e-09 1
1.348140e-09 1
1.433035e-09 1
1.462487e-09 1
1.449291e-09 1
1.442885e-09 1
1.600420e-09 1
1.655035e-09 1
1.635188e-09 1
1.581531e-09 1
1.587040e-09 1
1.500664e-09 1
1.391169e-09 1
1.504236e-09 1
1.397413e-09 1
1.527950e-09 1
1.587881e-09 1
1.617823e-09 1
1.487574e-09 1
1.494162e-09 1
1.491673e-09 1
1.498894e-09 1
1.688485e-09 1
1.544079e-09 1
1.485744e-09 1
1.628861e-09 1
1.535605e-09 1
1.687861e-09 1
1.562078e-09 1
1.706055e-09 1
1.636021e-09 1
1.518770e-09 1
1.376042e-09 1
1.503192e-09 1
1.594166e-09 1
1.291028e-09 1
1.465870e-09 1
1.364818e-09 1
1.406520e-09 1
1.572076e-09 1
1.574309e-09 1
1.609228e-09 1
1.648047e-09 1
1.727732e-09 1
1.633976e-09 1
1.390171e-09 1
1.235661e-09 1
1.381157e-09 1
1.562935e-09 1
1.720133e-09 1
1.534476e-09 1
1.532807e-09 1
1.348933e-09 1
1.471563e-09 1
1.299716e-09 1
1.488212e-09 1
1.554687e-09 1
1.766943e-09 1
1.672104e-09 1
1.560335e-09 1
1.404524e-09 1
1.602023e-09 1
1.458550e-09 1
1.558783e-09 1
1.685595e-09 1
1.663892e-09 1
1.666774e-09 1
1.722855e-09 1
1.715763e-09 1
1.746903e-09 1
1.796650e-09 1
1.568679e-09 1
1.576336e-09 1
1.618764e-09 1
1.382038e-09 1
1.546851e-09 1
1.706983e-09 1
1.570408e-09 1
1.590462e-09 1
1.666358e-09 1
1.720246e-09 1
1.494509e-09 1
1.547571e-09 1
1.678863e-09 1
1.682523e-09 1
1.448055e-09 1
1.428260e-09 1
1.555228e-09 1
1.552114e-09 1
1.580206e-09 1
1.682583e-09 1
1.448404e-09 1
1.633963e-09 1
1.633492e-09 1
1.674434e-09 1
1.514812e-09 1
1.600735e-09 1
1.528333e-09 1
1.709281e-09 1
1.553712e-09 1
1.554749e-09 1
1.543863e-09 1
1.590236e-09 1
1.531748e-09 1
1.428964e-09 1
1.701298e-09 1
1.692364e-09 1
1.712444e-09 1
1.687673e-09 1
1.510407e-09 1
1.449350e-09 1
1.538469e-09 1
1.550782e-09 1
1.608998e-09 1
1.827525e-09 1
1.725976e-09 1
1.654926e-09 1
1.445335e-09 1
1.433814e-09 1
1.640377e-09 1
1.396282e-09 1
1.456851e-09 1
1.411870e-09 1
1.523879e-09 1
1.535831e-09 1
1.359474e-09 1
1.625062e-09 1
1.743822e-09 1
1.679913e-09 1
1.452050e-09 1
1.427754e-09 1
1.546114e-09 1
1.844033e-09 1
1.767227e-09 1
1.771086e-09 1
1.705047e-09 1
1.576417e-09 1
1.479426e-09 1
1.500561e-09 1
1.587199e-09 1
1.547731e-09 1
1.649103e-09 1
1.730780e-09 1
1.482880e-09 1
1.497821e-09 1
1.561119e-09 1
1.409871e-09 1
1.475310e-09 1
1.559141e-09 1
1.596386e-09 1
1.625715e-09 1
1.613195e-09 1
1.524134e-09 1
1.666049e-09 1
1.566206e-09 1
1.659611e-09 1
1.476837e-09 1
1.385468e-09 1
1.478735e-09 1
1.575969e-09 1
1.672980e-09 1
1.659628e-09 1
1.454088e-09 1
1.704878e-09 1
1.633311e-09 1
1.572301e-09 1
1.315961e-09 1
1.362604e-09 1
1.621885e-09 1
1.631944e-09 1
1.451882e-09 1
1.674375e-09 1
1.495823e-09 1
1.645697e-09 1
1.731981e-09 1
1.744073e-09 1
1.787159e-09 1
1.466306e-09 1
1.653998e-09 1
1.572296e-09 1
1.588967e-09 1
1.489274e-09 1
1.428015e-09 1
1.572022e-09 1
1.557158e-09 1
1.496564e-09 1
1.555630e-09 1
1.490580e-09 1
1.549596e-09 1
1.514008e-09 1
1.433857e-09 1
1.478369e-09 1
1.504034e-09 1
1.493127e-09 1
1.569888e-09 1
1.539070e-09 1
1.425998e-09 1
1.439571e-09 1
1.460357e-09 1
1.362296e-09 1
1.494321e-09 1
1.612140e-09 1
1.538865e-09 1
1.713194e-09 1
1.713451e-09 1
1.618167e-09 1
1.829868e-09 1
1.433118e-09 1
1.535268e-09 1
1.638057e-09 1
1.487436e-09 1
1.518777e-09 1
1.538916e-09 1
1.507687e-09 1
1.781568e-09 1
1.782863e-09 1
1.401523e-09 1
1.472203e-09 1
1.459578e-09 1
1.441265e-09 1
1.432113e-09 1
1.502154e-09 1
1.634101e-09 1
1.636557e-09 1
1.585461e-09 1
1.438164e-09 1
1.492470e-09 1
1.501330e-09 1
1.468375e-09 1
1.593170e-09 1
1.515952e-09 1
1.420640e-09 1
1.568112e-09 1
1.593953e-09 1
1.449710e-09 1
1.280998e-09 1
1.514822e-09 1
1.487436e-09 1
1.581195e-09 1
1.353977e-09 1
1.582677e-09 1
1.775987e-09 1
1.573967e-09 1
1.538722e-09 1
1.429623e-09 1
1.552430e-09 1
1.493209e-09 1
1.725637e-09 1
1.849091e-09 1
1.293122e-09 1
1.235033e-09 1
1.289692e-09 1
1.435264e-09 1
1.442833e-09 1
1.566218e-09 1
1.637813e-09 1
1.720450e-09 1
1.610130e-09 1
1.615970e-09 1
1.622444e-09 1
1.558151e-09 1
1.683365e-09 1
1.615714e-09 1
1.693339e-09 1
1.473794e-09 1
1.604340e-09 1
1.361272e-09 1
1.719309e-09 1
1.724306e-09 1
1.653943e-09 1
1.357868e-09 1
1.519860e-09 1
1.364140e-09 1
1.354204e-09 1
1.367218e-09 1
1.578940e-09 1
1.256592e-09 1
1.432204e-09 1
1.397018e-09 1
1.352930e-09 1
1.215660e-09 1
1.429665e-09 1
1.828186e-09 1
1.827610e-09 1
1.574558e-09 1
1.311245e-09 1
1.418848e-09 1
1.493282e-09 1
1.387058e-09 1
1.460970e-09 1
1.375827e-09 1
1.530010e-09 1
1.707493e-09 1
1.755293e-09 1
1.423428e-09 1
1.504082e-09 1
1.522684e-09 1



Average 0:  1.543262e-09 324.000000
Negative elements: 0
108
