1.493776e-09 1
1.387815e-09 1
1.540577e-09 1
1.473401e-09 1
1.337883e-09 1
1.451756e-09 1
1.475234e-09 1
1.421898e-09 1
1.630704e-09 1
1.354432e-09 1
1.328571e-09 1
1.293836e-09 1
1.402326e-09 1
1.443234e-09 1
1.403263e-09 1
1.517171e-09 1
1.641637e-09 1
1.565851e-09 1
1.435265e-09 1
1.421898e-09 1
1.314379e-09 1
1.606284e-09 1
1.654034e-09 1
1.767158e-09 1
1.427316e-09 1
1.430773e-09 1
1.377343e-09 1
1.562670e-09 1
1.675526e-09 1
1.639118e-09 1
1.357341e-09 1
1.473817e-09 1
1.429491e-09 1
1.383946e-09 1
1.366731e-09 1
1.500509e-09 1
1.396741e-09 1
1.513140e-09 1
1.528799e-09 1
1.456577e-09 1
1.392344e-09 1
1.510704e-09 1
1.418691e-09 1
1.467189e-09 1
1.422478e-09 1
1.519861e-09 1
1.461518e-09 1
1.393631e-09 1
1.489606e-09 1
1.440110e-09 1
1.560740e-09 1
1.286758e-09 1
1.415415e-09 1
1.251130e-09 1
1.330454e-09 1
1.305271e-09 1
1.379487e-09 1
1.697134e-09 1
1.606908e-09 1
1.488112e-09 1
1.621839e-09 1
1.380678e-09 1
1.732981e-09 1
1.635072e-09 1
1.770422e-09 1
1.808359e-09 1
1.712243e-09 1
1.509455e-09 1
1.583494e-09 1
1.568661e-09 1
1.373865e-09 1
1.630634e-09 1
1.563469e-09 1
1.451110e-09 1
1.571135e-09 1
1.302820e-09 1
1.594149e-09 1
1.584063e-09 1
1.420581e-09 1
1.436038e-09 1
1.662793e-09 1
1.463502e-09 1
1.415767e-09 1
1.405478e-09 1
1.329494e-09 1
1.459373e-09 1
1.503062e-09 1
1.422440e-09 1
1.503427e-09 1
1.728231e-09 1
1.471942e-09 1
1.500412e-09 1
1.389607e-09 1
1.260497e-09 1
1.490806e-09 1
1.377075e-09 1
1.213621e-09 1
1.169145e-09 1
1.246643e-09 1
1.398462e-09 1
1.499525e-09 1
1.354847e-09 1
1.199218e-09 1
1.415716e-09 1
1.268906e-09 1
1.480442e-09 1
1.581911e-09 1
1.299971e-09 1
1.763745e-09 1
1.542372e-09 1
1.748444e-09 1
1.283988e-09 1
1.424142e-09 1
1.354200e-09 1
1.772850e-09 1
1.570236e-09 1
1.622015e-09 1
1.699158e-09 1
1.821597e-09 1
1.759659e-09 1
1.564817e-09 1
1.590577e-09 1
1.507809e-09 1
1.511030e-09 1
1.558298e-09 1
1.564451e-09 1
1.484683e-09 1
1.528627e-09 1
1.736391e-09 1
1.607879e-09 1
1.643487e-09 1
1.521189e-09 1
1.451365e-09 1
1.650632e-09 1
1.723331e-09 1
1.310497e-09 1
1.530737e-09 1
1.322324e-09 1
1.382349e-09 1
1.236492e-09 1
1.311380e-09 1
1.712721e-09 1
1.744644e-09 1
1.822388e-09 1
1.475154e-09 1
1.471187e-09 1
1.585485e-09 1
1.573379e-09 1
1.705700e-09 1
1.548871e-09 1
1.539121e-09 1
1.442859e-09 1
1.677666e-09 1
1.603352e-09 1
1.786067e-09 1
1.575859e-09 1
1.597083e-09 1
1.480039e-09 1
1.581144e-09 1
1.589418e-09 1
1.388475e-09 1
1.542115e-09 1
1.804357e-09 1
1.721656e-09 1
1.681803e-09 1
1.608126e-09 1
1.502332e-09 1
1.618272e-09 1
1.467692e-09 1
1.670270e-09 1
1.711412e-09 1
1.515888e-09 1
1.456843e-09 1
1.414484e-09 1
1.491925e-09 1
1.390200e-09 1
1.447814e-09 1
1.688130e-09 1
1.628031e-09 1
1.706577e-09 1
1.392396e-09 1
1.446448e-09 1
1.316577e-09 1
1.833636e-09 1
1.596952e-09 1
1.793089e-09 1
1.673526e-09 1
1.570373e-09 1
1.727814e-09 1
1.694421e-09 1
1.558175e-09 1
1.698459e-09 1
1.565165e-09 1
1.733901e-09 1
1.716149e-09 1
1.421194e-09 1
1.509699e-09 1
1.644746e-09 1
1.705439e-09 1
1.446884e-09 1
1.745351e-09 1
1.519399e-09 1
1.621763e-09 1
1.443298e-09 1
1.565877e-09 1
1.487197e-09 1
1.604995e-09 1
1.747674e-09 1
1.504598e-09 1
1.610514e-09 1
1.527321e-09 1
1.343057e-09 1
1.624337e-09 1
1.409027e-09 1
1.611696e-09 1
1.236140e-09 1
1.446863e-09 1
1.558743e-09 1
1.485147e-09 1
1.209727e-09 1
1.408205e-09 1
1.418574e-09 1
1.554568e-09 1
1.532100e-09 1
1.448950e-09 1
1.431004e-09 1
1.355317e-09 1
1.379149e-09 1
1.657897e-09 1
1.489048e-09 1
1.645561e-09 1
1.687661e-09 1
1.754145e-09 1
1.631314e-09 1
1.659836e-09 1
1.553198e-09 1
1.515558e-09 1
1.579112e-09 1
1.576477e-09 1
1.541829e-09 1
1.613404e-09 1
1.607264e-09 1
1.573287e-09 1
1.715435e-09 1
1.757319e-09 1
1.544055e-09 1
1.498148e-09 1
1.536168e-09 1
1.723796e-09 1
1.219644e-09 1
1.315323e-09 1
1.394489e-09 1
1.260483e-09 1
1.494204e-09 1
1.175427e-09 1
1.366728e-09 1
1.511018e-09 1
1.376865e-09 1
1.469434e-09 1
1.672701e-09 1
1.675336e-09 1
1.536839e-09 1
1.483288e-09 1
1.404275e-09 1
1.710833e-09 1
1.659259e-09 1
1.827605e-09 1
1.629455e-09 1
1.676370e-09 1
1.668421e-09 1
1.521005e-09 1
1.723506e-09 1
1.523051e-09 1
1.282213e-09 1
1.335847e-09 1
1.543442e-09 1
1.523467e-09 1
1.609531e-09 1
1.447440e-09 1
1.597253e-09 1
1.500663e-09 1
1.546119e-09 1
1.425658e-09 1
1.478208e-09 1
1.425416e-09 1
1.476124e-09 1
1.488904e-09 1
1.362572e-09 1
1.592850e-09 1
1.530158e-09 1
1.717340e-09 1
1.485497e-09 1
1.283731e-09 1
1.442653e-09 1
1.700049e-09 1
1.753064e-09 1
1.544867e-09 1
1.590525e-09 1
1.444880e-09 1
1.469284e-09 1
1.294322e-09 1
1.345857e-09 1
1.412251e-09 1
1.315799e-09 1
1.406694e-09 1
1.584791e-09 1
1.323853e-09 1
1.555735e-09 1
1.553566e-09 1
1.307205e-09 1
1.241410e-09 1
1.452269e-09 1
1.434485e-09 1
1.475251e-09 1
1.451178e-09 1
1.741418e-09 1
1.586491e-09 1
1.627590e-09 1
1.443052e-09 1
1.491607e-09 1
1.587438e-09 1
1.375147e-09 1
1.477944e-09 1
1.553383e-09 1



Average 0:  1.516113e-09 324.000000
Negative elements: 0
108
