1.832150e-09 1
1.680975e-09 1
1.747809e-09 1
1.496133e-09 1
1.600142e-09 1
1.523134e-09 1
1.645917e-09 1
1.654884e-09 1
1.594083e-09 1
1.862792e-09 1
1.817379e-09 1
1.918401e-09 1
1.766917e-09 1
1.889743e-09 1
2.055818e-09 1
1.945412e-09 1
1.940463e-09 1
2.019679e-09 1
1.915147e-09 1
1.853907e-09 1
1.711022e-09 1
1.976754e-09 1
1.781045e-09 1
1.692185e-09 1
1.856042e-09 1
1.723412e-09 1
1.636445e-09 1
1.858446e-09 1
1.828055e-09 1
1.645405e-09 1
1.926848e-09 1
1.861762e-09 1
1.759355e-09 1
1.749239e-09 1
1.600905e-09 1
1.739823e-09 1
1.706225e-09 1
1.666629e-09 1
1.826648e-09 1
1.547784e-09 1
1.587121e-09 1
1.587043e-09 1
1.723810e-09 1
1.892105e-09 1
1.876445e-09 1
1.602790e-09 1
1.567088e-09 1
1.571670e-09 1
1.620863e-09 1
1.972589e-09 1
1.939998e-09 1
1.613282e-09 1
1.747141e-09 1
1.682766e-09 1
1.865454e-09 1
1.778243e-09 1
1.713432e-09 1
1.927877e-09 1
2.097244e-09 1
2.012313e-09 1
1.975144e-09 1
1.875558e-09 1
1.778291e-09 1
1.817365e-09 1
1.872898e-09 1
1.710686e-09 1
1.808504e-09 1
1.965820e-09 1
1.776379e-09 1
1.815104e-09 1
1.887647e-09 1
1.870407e-09 1
1.992825e-09 1
1.647839e-09 1
1.960960e-09 1
1.723213e-09 1
1.537096e-09 1
1.540875e-09 1
1.895199e-09 1
1.905300e-09 1
1.994483e-09 1
1.700070e-09 1
1.624108e-09 1
1.636612e-09 1
1.603706e-09 1
1.756402e-09 1
1.617444e-09 1
1.827024e-09 1
1.902505e-09 1
1.817059e-09 1
1.440702e-09 1
1.542225e-09 1
1.525688e-09 1
1.574407e-09 1
1.442408e-09 1
1.684832e-09 1
1.755596e-09 1
1.660387e-09 1
1.739673e-09 1
1.558508e-09 1
1.632958e-09 1
1.589880e-09 1
1.903675e-09 1
1.820383e-09 1
2.012558e-09 1
1.772632e-09 1
1.798915e-09 1
1.645788e-09 1
1.916352e-09 1
1.916627e-09 1
1.833799e-09 1
1.840914e-09 1
1.782404e-09 1
1.970134e-09 1
1.994287e-09 1
1.716269e-09 1
1.925150e-09 1
1.894589e-09 1
1.893659e-09 1
1.836889e-09 1
2.006202e-09 1
1.779849e-09 1
1.803989e-09 1
1.573138e-09 1
1.572728e-09 1
1.496190e-09 1
1.581780e-09 1
1.548118e-09 1
1.703936e-09 1
1.726969e-09 1
1.920561e-09 1
1.866221e-09 1
1.755961e-09 1
1.859255e-09 1
1.727243e-09 1
1.857203e-09 1
1.699358e-09 1
1.788951e-09 1
1.958532e-09 1
1.815577e-09 1
1.831602e-09 1
2.026091e-09 1
1.803075e-09 1
1.860591e-09 1
1.914589e-09 1
2.003668e-09 1
2.011809e-09 1
1.760854e-09 1
1.882164e-09 1
1.855790e-09 1
1.789762e-09 1
1.778658e-09 1
1.852630e-09 1
1.911000e-09 1
1.952145e-09 1
1.731408e-09 1
1.808625e-09 1
1.842426e-09 1
1.958433e-09 1
2.054624e-09 1
2.004166e-09 1
2.077482e-09 1
1.842162e-09 1
1.760246e-09 1
1.619474e-09 1
2.098547e-09 1
1.983891e-09 1
1.974090e-09 1
1.729766e-09 1
1.370376e-09 1
1.532177e-09 1
1.756372e-09 1
1.819530e-09 1
1.843701e-09 1
1.800687e-09 1
1.612072e-09 1
1.760632e-09 1
2.080050e-09 1
1.973882e-09 1
2.135078e-09 1
1.857519e-09 1
2.039688e-09 1
2.132644e-09 1
1.758007e-09 1
1.880428e-09 1
1.780509e-09 1
1.695950e-09 1
1.908578e-09 1
1.700212e-09 1
1.995213e-09 1
1.953641e-09 1
1.983375e-09 1
2.108995e-09 1
1.996389e-09 1
1.923354e-09 1
1.834835e-09 1
1.820087e-09 1
1.856280e-09 1
1.760397e-09 1
1.928050e-09 1
1.785820e-09 1
2.182110e-09 1
1.955669e-09 1
2.142794e-09 1
1.836388e-09 1
1.932291e-09 1
1.826835e-09 1
1.978370e-09 1
1.871715e-09 1
1.729373e-09 1
2.158006e-09 1
1.943100e-09 1
1.851550e-09 1
1.893900e-09 1
1.909366e-09 1
1.864055e-09 1
2.049914e-09 1
1.741664e-09 1
1.886452e-09 1
1.940537e-09 1
1.974272e-09 1
1.747918e-09 1
2.080495e-09 1
2.032735e-09 1
1.863020e-09 1
1.728583e-09 1
1.873055e-09 1
1.826603e-09 1
2.065440e-09 1
1.886360e-09 1
1.923698e-09 1
1.835447e-09 1
1.823432e-09 1
1.761584e-09 1
1.886960e-09 1
2.014608e-09 1
1.812044e-09 1
1.778128e-09 1
1.865428e-09 1
1.781166e-09 1
1.806248e-09 1
1.859700e-09 1
1.762506e-09 1
1.890383e-09 1
1.843335e-09 1
1.800411e-09 1
1.716840e-09 1
1.900113e-09 1
1.716975e-09 1
1.762931e-09 1
1.758890e-09 1
1.621981e-09 1
1.823403e-09 1
2.048460e-09 1
2.079991e-09 1
2.031272e-09 1
1.807079e-09 1
1.837585e-09 1
2.109005e-09 1
1.856881e-09 1
1.953431e-09 1
1.964197e-09 1
2.048392e-09 1
2.123924e-09 1
1.835532e-09 1
2.010405e-09 1
2.119696e-09 1
2.009343e-09 1
1.856529e-09 1
1.970748e-09 1
1.880300e-09 1
1.738404e-09 1
1.800241e-09 1
1.883969e-09 1
1.817812e-09 1
1.664226e-09 1
1.920344e-09 1
1.945973e-09 1
1.833029e-09 1
2.067531e-09 1
2.096497e-09 1
2.129081e-09 1
1.788308e-09 1
1.641243e-09 1
1.562663e-09 1
1.643874e-09 1
1.768201e-09 1
1.710378e-09 1
1.685189e-09 1
1.883392e-09 1
1.730495e-09 1
1.828466e-09 1
1.717617e-09 1
1.700817e-09 1
1.824433e-09 1
1.992889e-09 1
1.847776e-09 1
1.735124e-09 1
1.750610e-09 1
1.811337e-09 1
1.818753e-09 1
2.011954e-09 1
1.968451e-09 1
2.012465e-09 1
1.769853e-09 1
1.801022e-09 1
1.735151e-09 1
1.694846e-09 1
1.855888e-09 1
1.964377e-09 1
2.072689e-09 1
2.034585e-09 1
1.713923e-09 1
1.828815e-09 1
1.714029e-09 1
1.875078e-09 1
1.521340e-09 1
1.586337e-09 1
1.939047e-09 1
1.637455e-09 1
1.811261e-09 1
1.719435e-09 1
1.817828e-09 1
1.802028e-09 1



Average 0:  1.824466e-09 324.000000
Negative elements: 0
108
