1.747904e-09 1
1.673512e-09 1
1.797551e-09 1
1.775453e-09 1
1.867338e-09 1
1.647722e-09 1
2.002407e-09 1
1.852389e-09 1
1.927871e-09 1
1.940740e-09 1
1.931930e-09 1
2.001120e-09 1
1.809773e-09 1
1.884491e-09 1
1.677973e-09 1
1.740424e-09 1
1.680814e-09 1
1.754996e-09 1
1.969112e-09 1
1.878672e-09 1
1.749163e-09 1
1.837110e-09 1
1.839545e-09 1
1.744036e-09 1
1.829480e-09 1
1.709854e-09 1
1.877692e-09 1
1.806335e-09 1
1.761610e-09 1
1.817659e-09 1
1.788253e-09 1
1.804192e-09 1
1.943435e-09 1
1.602159e-09 1
1.663564e-09 1
1.647520e-09 1
1.806022e-09 1
1.765645e-09 1
1.727243e-09 1
1.788225e-09 1
1.777795e-09 1
1.806432e-09 1
1.589792e-09 1
1.717787e-09 1
1.823695e-09 1
1.932340e-09 1
1.723679e-09 1
1.801920e-09 1
1.649766e-09 1
1.877500e-09 1
1.729312e-09 1
1.966504e-09 1
1.786481e-09 1
1.833303e-09 1
1.859249e-09 1
1.797202e-09 1
1.896915e-09 1
1.763088e-09 1
1.836956e-09 1
1.831372e-09 1
1.842272e-09 1
1.951188e-09 1
1.761367e-09 1
1.795594e-09 1
1.908500e-09 1
1.637225e-09 1
1.812304e-09 1
2.041211e-09 1
2.129383e-09 1
1.931464e-09 1
2.009526e-09 1
1.927727e-09 1
1.683278e-09 1
1.691283e-09 1
1.635312e-09 1
1.717670e-09 1
1.622074e-09 1
1.646152e-09 1
1.805808e-09 1
1.792007e-09 1
1.800111e-09 1
1.640471e-09 1
1.605525e-09 1
1.590217e-09 1
1.423869e-09 1
1.682109e-09 1
1.700486e-09 1
1.640227e-09 1
1.696359e-09 1
1.600138e-09 1
1.636470e-09 1
1.815219e-09 1
1.864153e-09 1
1.597213e-09 1
1.846541e-09 1
1.840395e-09 1
1.842066e-09 1
1.744749e-09 1
1.899501e-09 1
2.044826e-09 1
2.103899e-09 1
1.848597e-09 1
2.008178e-09 1
1.848323e-09 1
1.776833e-09 1
1.990850e-09 1
1.799236e-09 1
1.831513e-09 1
1.706156e-09 1
1.783961e-09 1
1.885580e-09 1
1.954112e-09 1
1.921717e-09 1
1.909155e-09 1
1.971968e-09 1
1.862001e-09 1
1.782952e-09 1
1.533352e-09 1
1.694509e-09 1
1.561398e-09 1
1.785878e-09 1
1.736353e-09 1
1.727579e-09 1
1.916186e-09 1
1.789127e-09 1
1.951748e-09 1
1.621372e-09 1
1.835599e-09 1
1.762394e-09 1
1.483130e-09 1
1.740266e-09 1
1.577327e-09 1
1.700231e-09 1
1.926838e-09 1
1.857559e-09 1
1.810162e-09 1
1.791699e-09 1
1.605536e-09 1
1.809231e-09 1
1.841941e-09 1
1.778212e-09 1
1.830737e-09 1
1.913319e-09 1
1.883367e-09 1
1.838180e-09 1
1.859193e-09 1
1.828146e-09 1
1.953430e-09 1
2.065718e-09 1
1.865594e-09 1
1.748192e-09 1
2.025526e-09 1
1.865858e-09 1
2.068237e-09 1
1.934098e-09 1
1.881030e-09 1
1.817840e-09 1
2.048848e-09 1
1.875672e-09 1
2.024071e-09 1
2.065031e-09 1
1.961612e-09 1
2.050036e-09 1
1.946141e-09 1
1.998555e-09 1
1.831689e-09 1
1.739880e-09 1
1.476217e-09 1
1.778938e-09 1
1.598304e-09 1
1.415882e-09 1
1.936975e-09 1
1.801126e-09 1
1.852035e-09 1
1.708100e-09 1
1.594499e-09 1
1.752331e-09 1
2.071694e-09 1
1.799329e-09 1
1.817359e-09 1
1.693609e-09 1
1.648968e-09 1
1.898511e-09 1
1.803230e-09 1
1.740220e-09 1
1.779284e-09 1
1.652946e-09 1
1.776326e-09 1
1.896448e-09 1
1.717787e-09 1
1.709011e-09 1
1.752637e-09 1
1.706327e-09 1
1.884852e-09 1
1.810544e-09 1
1.910966e-09 1
2.117709e-09 1
1.837430e-09 1
1.965536e-09 1
1.937382e-09 1
2.066678e-09 1
1.765744e-09 1
1.786845e-09 1
1.509312e-09 1
2.002887e-09 1
2.075431e-09 1
1.927028e-09 1
1.834059e-09 1
1.952090e-09 1
1.703911e-09 1
1.791283e-09 1
1.932476e-09 1
2.063196e-09 1
1.807264e-09 1
1.859053e-09 1
1.952585e-09 1
1.628204e-09 1
1.682562e-09 1
1.607137e-09 1
1.708287e-09 1
1.584511e-09 1
1.879139e-09 1
1.605379e-09 1
1.658379e-09 1
1.620877e-09 1
2.061127e-09 1
2.089600e-09 1
2.038333e-09 1
1.694289e-09 1
1.807937e-09 1
1.709189e-09 1
1.776296e-09 1
1.700482e-09 1
1.690332e-09 1
1.921958e-09 1
1.783312e-09 1
1.794149e-09 1
1.976165e-09 1
2.047202e-09 1
2.033555e-09 1
2.027397e-09 1
2.010311e-09 1
2.151350e-09 1
1.872423e-09 1
1.887278e-09 1
1.693595e-09 1
1.650602e-09 1
1.827770e-09 1
1.776284e-09 1
1.623806e-09 1
1.697351e-09 1
1.674922e-09 1
2.114800e-09 1
1.989783e-09 1
2.068916e-09 1
1.843907e-09 1
1.756320e-09 1
1.885804e-09 1
1.816937e-09 1
1.874974e-09 1
1.675425e-09 1
1.960482e-09 1
1.788064e-09 1
1.880493e-09 1
1.915224e-09 1
1.789263e-09 1
1.955150e-09 1
1.616738e-09 1
1.458669e-09 1
1.776292e-09 1
1.890178e-09 1
1.891138e-09 1
2.035204e-09 1
1.436828e-09 1
1.674255e-09 1
1.641585e-09 1
1.870922e-09 1
1.683667e-09 1
1.978107e-09 1
1.660978e-09 1
1.743256e-09 1
1.798372e-09 1
1.942890e-09 1
1.778832e-09 1
1.741183e-09 1
1.942564e-09 1
1.734907e-09 1
1.889098e-09 1
1.919182e-09 1
1.953736e-09 1
1.701406e-09 1
1.770354e-09 1
1.972348e-09 1
1.720958e-09 1
1.894154e-09 1
1.759165e-09 1
1.884850e-09 1
1.904015e-09 1
2.014675e-09 1
1.973670e-09 1
2.038630e-09 1
1.908660e-09 1
1.901105e-09 1
1.560874e-09 1
1.721735e-09 1
1.803544e-09 1
1.972428e-09 1
1.800337e-09 1
1.767926e-09 1
1.606913e-09 1
1.704635e-09 1
1.810967e-09 1
1.838702e-09 1
1.754014e-09 1
1.850668e-09 1
1.454952e-09 1
1.615834e-09 1
1.714314e-09 1
2.092297e-09 1
2.135896e-09 1
1.816532e-09 1
1.629471e-09 1
1.425827e-09 1
1.631811e-09 1



Average 0:  1.811908e-09 324.000000
Negative elements: 0
108
