1.794579e-09 1
1.561512e-09 1
1.546021e-09 1
1.888296e-09 1
1.874214e-09 1
1.941442e-09 1
1.665072e-09 1
1.677432e-09 1
1.922625e-09 1
1.897831e-09 1
1.610141e-09 1
1.901918e-09 1
1.733939e-09 1
1.866237e-09 1
1.758248e-09 1
1.941296e-09 1
1.857708e-09 1
1.924714e-09 1
1.513972e-09 1
1.661304e-09 1
1.666122e-09 1
1.350560e-09 1
1.306561e-09 1
1.542792e-09 1
2.092950e-09 1
2.053945e-09 1
2.096128e-09 1
1.600700e-09 1
1.387672e-09 1
1.611762e-09 1
1.517510e-09 1
1.454005e-09 1
1.631717e-09 1
1.543043e-09 1
1.637196e-09 1
1.553371e-09 1
1.863960e-09 1
1.739670e-09 1
1.706582e-09 1
1.720064e-09 1
1.487276e-09 1
1.784421e-09 1
1.475554e-09 1
1.635494e-09 1
1.604626e-09 1
1.859607e-09 1
1.553465e-09 1
1.726080e-09 1
1.662828e-09 1
1.720694e-09 1
1.888051e-09 1
1.553668e-09 1
1.619422e-09 1
1.646180e-09 1
2.044079e-09 1
1.922075e-09 1
2.066300e-09 1
1.769355e-09 1
1.604619e-09 1
1.539054e-09 1
1.700574e-09 1
2.035884e-09 1
1.941453e-09 1
1.581971e-09 1
1.482815e-09 1
1.577695e-09 1
1.975661e-09 1
1.983802e-09 1
2.013409e-09 1
1.868381e-09 1
1.826740e-09 1
1.925404e-09 1
1.689065e-09 1
1.639256e-09 1
1.638921e-09 1
1.654942e-09 1
1.549941e-09 1
1.597788e-09 1
1.614219e-09 1
1.492436e-09 1
1.544489e-09 1
1.721958e-09 1
1.854533e-09 1
1.789907e-09 1
1.606027e-09 1
1.701808e-09 1
1.639641e-09 1
1.579845e-09 1
1.725061e-09 1
1.845053e-09 1
1.701147e-09 1
1.803506e-09 1
1.859435e-09 1
1.894587e-09 1
1.753451e-09 1
1.797546e-09 1
1.621764e-09 1
1.717726e-09 1
1.670839e-09 1
2.153503e-09 1
2.154004e-09 1
2.168040e-09 1
1.941042e-09 1
1.871390e-09 1
1.936815e-09 1
1.904108e-09 1
1.918535e-09 1
1.756269e-09 1
1.893954e-09 1
2.108577e-09 1
1.873538e-09 1
1.934506e-09 1
1.833510e-09 1
1.699123e-09 1
2.001295e-09 1
1.726756e-09 1
1.964725e-09 1
1.647366e-09 1
2.080380e-09 1
1.714936e-09 1
1.733084e-09 1
1.601970e-09 1
1.844395e-09 1
1.722778e-09 1
1.788497e-09 1
1.670027e-09 1
1.823543e-09 1
1.765066e-09 1
1.764474e-09 1
1.914059e-09 1
1.838425e-09 1
1.932262e-09 1
1.943370e-09 1
2.082110e-09 1
2.138047e-09 1
1.670246e-09 1
1.793115e-09 1
1.751087e-09 1
1.780092e-09 1
1.865437e-09 1
1.680111e-09 1
1.972632e-09 1
1.900728e-09 1
1.986587e-09 1
1.905058e-09 1
1.833130e-09 1
1.969846e-09 1
2.035611e-09 1
1.737971e-09 1
1.841517e-09 1
1.867622e-09 1
1.572937e-09 1
1.550753e-09 1
1.684143e-09 1
1.828565e-09 1
1.592795e-09 1
1.813465e-09 1
1.792223e-09 1
1.632430e-09 1
1.775580e-09 1
1.707072e-09 1
1.728984e-09 1
1.979381e-09 1
1.893703e-09 1
1.808944e-09 1
1.719724e-09 1
1.877602e-09 1
1.868624e-09 1
1.656534e-09 1
1.783607e-09 1
1.614651e-09 1
1.874830e-09 1
1.633646e-09 1
1.975562e-09 1
1.978992e-09 1
2.000855e-09 1
2.175497e-09 1
1.894320e-09 1
1.625872e-09 1
1.538938e-09 1
1.894793e-09 1
1.994204e-09 1
2.023726e-09 1
1.733550e-09 1
1.710932e-09 1
1.816279e-09 1
1.752626e-09 1
1.481090e-09 1
1.657320e-09 1
1.768054e-09 1
1.936698e-09 1
2.070009e-09 1
1.653522e-09 1
1.585931e-09 1
1.744688e-09 1
1.641084e-09 1
1.685663e-09 1
1.594489e-09 1
1.643766e-09 1
1.847414e-09 1
1.688411e-09 1
2.055802e-09 1
2.294662e-09 1
2.235623e-09 1
1.752312e-09 1
1.637579e-09 1
1.691437e-09 1
1.629751e-09 1
1.576247e-09 1
1.686900e-09 1
2.238302e-09 1
2.404121e-09 1
2.321368e-09 1
1.578267e-09 1
1.631666e-09 1
1.795306e-09 1
2.031013e-09 1
2.034422e-09 1
1.975121e-09 1
1.709180e-09 1
1.856365e-09 1
1.691792e-09 1
1.962657e-09 1
2.068659e-09 1
2.160946e-09 1
1.976876e-09 1
2.059665e-09 1
1.849659e-09 1
1.775271e-09 1
1.918381e-09 1
1.827508e-09 1
1.624180e-09 1
1.778251e-09 1
1.712607e-09 1
1.888325e-09 1
1.921156e-09 1
1.786327e-09 1
1.684068e-09 1
1.725359e-09 1
1.700951e-09 1
1.675548e-09 1
1.726297e-09 1
1.642904e-09 1
1.905760e-09 1
1.829212e-09 1
1.591934e-09 1
1.638756e-09 1
1.684780e-09 1
1.781084e-09 1
1.697712e-09 1
1.813153e-09 1
1.778389e-09 1
1.614922e-09 1
1.589929e-09 1
1.630916e-09 1
1.870749e-09 1
1.741850e-09 1
1.706001e-09 1
1.740703e-09 1
1.876624e-09 1
1.882857e-09 1
1.752405e-09 1
1.876106e-09 1
1.673994e-09 1
1.904636e-09 1
2.011632e-09 1
1.980724e-09 1
1.887294e-09 1
1.724954e-09 1
1.949783e-09 1
1.837429e-09 1
1.849052e-09 1
1.786539e-09 1
1.800818e-09 1
1.988377e-09 1
1.703209e-09 1
2.088795e-09 1
2.146580e-09 1
2.075728e-09 1
1.700181e-09 1
1.821027e-09 1
1.635707e-09 1
2.101113e-09 1
2.016426e-09 1
2.029514e-09 1
1.886647e-09 1
1.642106e-09 1
1.700141e-09 1
2.010691e-09 1
2.014944e-09 1
1.919088e-09 1
1.840352e-09 1
1.597859e-09 1
1.547043e-09 1
1.904730e-09 1
1.628136e-09 1
1.736326e-09 1
1.994620e-09 1
2.028355e-09 1
2.026972e-09 1
1.971844e-09 1
2.005564e-09 1
1.705975e-09 1
1.812806e-09 1
1.787781e-09 1
1.731020e-09 1
2.099023e-09 1
1.989678e-09 1
2.037001e-09 1
1.535080e-09 1
1.695965e-09 1
1.443190e-09 1
2.107396e-09 1
1.817515e-09 1
1.974325e-09 1
1.746079e-09 1
1.547459e-09 1
1.744093e-09 1
1.776167e-09 1
1.989965e-09 1
1.892437e-09 1
1.707747e-09 1
1.554090e-09 1
1.697300e-09 1



Average 0:  1.796894e-09 324.000000
Negative elements: 0
108
