1.134915e-09 1
1.153749e-09 1
1.079077e-09 1
1.039801e-09 1
1.081543e-09 1
9.338934e-10 1
1.013506e-09 1
1.189650e-09 1
1.009925e-09 1
1.115797e-09 1
1.078257e-09 1
1.135542e-09 1
1.038223e-09 1
1.065433e-09 1
1.085981e-09 1
9.286173e-10 1
1.026891e-09 1
1.029174e-09 1
1.028471e-09 1
1.076108e-09 1
9.362021e-10 1
9.539780e-10 1
1.055120e-09 1
1.163674e-09 1
9.915168e-10 1
9.714487e-10 1
1.040495e-09 1
1.006634e-09 1
9.355874e-10 1
1.066006e-09 1
1.042950e-09 1
1.173825e-09 1
9.795409e-10 1
1.042428e-09 1
1.086927e-09 1
1.198049e-09 1
1.092928e-09 1
1.138523e-09 1
1.049516e-09 1
1.063683e-09 1
1.100058e-09 1
9.860820e-10 1
1.011553e-09 1
1.023534e-09 1
1.000717e-09 1
1.050314e-09 1
1.069381e-09 1
1.017740e-09 1
1.018878e-09 1
9.711563e-10 1
9.983542e-10 1
1.128902e-09 1
1.143571e-09 1
1.131615e-09 1
1.165081e-09 1
1.099601e-09 1
1.108251e-09 1
1.118195e-09 1
1.237467e-09 1
1.191259e-09 1
8.813529e-10 1
1.156972e-09 1
1.050104e-09 1
9.440190e-10 1
1.038295e-09 1
1.140464e-09 1
1.131028e-09 1
1.172222e-09 1
9.939020e-10 1
1.158174e-09 1
1.181597e-09 1
1.189407e-09 1
1.079351e-09 1
1.059021e-09 1
1.116421e-09 1
9.907211e-10 1
1.023123e-09 1
9.920299e-10 1
1.089847e-09 1
1.028728e-09 1
1.107303e-09 1
1.018336e-09 1
9.505163e-10 1
1.038489e-09 1
1.026960e-09 1
1.047087e-09 1
1.060658e-09 1
1.003881e-09 1
1.074359e-09 1
1.050120e-09 1
1.000584e-09 1
9.874146e-10 1
1.090627e-09 1
1.187454e-09 1
1.139322e-09 1
1.112084e-09 1
9.909636e-10 1
9.780450e-10 1
9.836362e-10 1
1.008268e-09 1
1.054752e-09 1
9.979305e-10 1
9.686100e-10 1
1.057469e-09 1
1.103495e-09 1
1.011254e-09 1
1.117843e-09 1
1.130859e-09 1
1.218988e-09 1
1.297096e-09 1
1.316951e-09 1
9.789605e-10 1
9.318815e-10 1
8.660746e-10 1
1.154919e-09 1
1.280888e-09 1
1.244876e-09 1
1.171567e-09 1
8.937819e-10 1
1.177645e-09 1
1.323941e-09 1
1.262846e-09 1
1.191512e-09 1
1.139737e-09 1
1.243712e-09 1
1.089068e-09 1
1.019752e-09 1
1.043084e-09 1
1.134374e-09 1
1.065813e-09 1
9.368052e-10 1
1.074616e-09 1
1.066903e-09 1
1.056112e-09 1
1.215225e-09 1
1.081562e-09 1
1.101075e-09 1
1.136196e-09 1
1.223099e-09 1
1.277089e-09 1
1.234084e-09 1
1.026160e-09 1
1.075216e-09 1
1.025621e-09 1
1.166079e-09 1
1.103836e-09 1
1.141509e-09 1
1.045856e-09 1
1.059058e-09 1
1.040735e-09 1
1.177784e-09 1
1.123006e-09 1
1.060593e-09 1
1.055635e-09 1
1.042531e-09 1
1.006771e-09 1
9.548456e-10 1
1.086688e-09 1
8.968177e-10 1
1.168640e-09 1
1.222363e-09 1
1.220180e-09 1
1.251892e-09 1
1.266725e-09 1
1.114299e-09 1
1.254398e-09 1
1.200257e-09 1
1.254190e-09 1
1.190519e-09 1
1.107646e-09 1
1.193489e-09 1
1.314918e-09 1
1.152497e-09 1
1.115137e-09 1
1.118365e-09 1
1.050454e-09 1
1.095456e-09 1
1.111318e-09 1
1.165341e-09 1
1.096889e-09 1
1.221383e-09 1
1.132154e-09 1
1.116010e-09 1
9.832632e-10 1
1.001048e-09 1
1.036105e-09 1
1.069220e-09 1
9.019050e-10 1
1.009468e-09 1
1.037849e-09 1
1.045956e-09 1
1.258312e-09 1
1.061784e-09 1
9.863902e-10 1
9.319681e-10 1
1.082466e-09 1
1.006141e-09 1
1.081504e-09 1
1.098115e-09 1
1.135808e-09 1
1.203512e-09 1
9.734853e-10 1
1.008235e-09 1
9.505244e-10 1
1.092257e-09 1
9.508510e-10 1
1.008608e-09 1
1.109395e-09 1
1.087808e-09 1
1.032871e-09 1
9.974910e-10 1
1.189988e-09 1
1.191585e-09 1
1.244418e-09 1
1.069578e-09 1
1.103175e-09 1
1.261032e-09 1
1.077460e-09 1
1.198902e-09 1
1.076759e-09 1
1.095424e-09 1
1.303386e-09 1
1.197064e-09 1
1.132073e-09 1
1.114136e-09 1
9.386005e-10 1
1.018508e-09 1
1.057925e-09 1
1.247201e-09 1
1.162594e-09 1
1.142993e-09 1
1.045495e-09 1
1.145304e-09 1
1.111893e-09 1
1.048793e-09 1
1.106546e-09 1
1.057524e-09 1
1.028016e-09 1
9.976468e-10 1
9.951964e-10 1
1.084062e-09 1
9.828938e-10 1
1.050086e-09 1
9.981314e-10 1
1.101788e-09 1
1.132622e-09 1
9.237966e-10 1
1.051186e-09 1
9.494565e-10 1
1.034668e-09 1
1.101876e-09 1
1.099574e-09 1
1.049546e-09 1
1.014015e-09 1
9.400552e-10 1
9.900983e-10 1
1.107901e-09 1
1.011420e-09 1
1.131904e-09 1
1.011420e-09 1
1.055621e-09 1
9.873995e-10 1
1.022759e-09 1
9.606399e-10 1
1.122823e-09 1
1.122305e-09 1
1.194504e-09 1
1.021796e-09 1
1.131165e-09 1
9.456698e-10 1
1.004854e-09 1
1.038972e-09 1
1.071263e-09 1
1.090289e-09 1
1.020251e-09 1
1.034140e-09 1
9.380307e-10 1
1.018662e-09 1
1.195636e-09 1
1.170461e-09 1
1.105498e-09 1
1.113107e-09 1
1.113081e-09 1
1.064825e-09 1
1.133001e-09 1
1.229436e-09 1
1.129360e-09 1
1.211681e-09 1
1.014854e-09 1
9.675626e-10 1
9.867821e-10 1
1.178265e-09 1
1.123335e-09 1
1.073929e-09 1
1.100820e-09 1
1.081978e-09 1
9.540110e-10 1
9.931136e-10 1
1.123458e-09 1
1.147898e-09 1
1.055552e-09 1
1.002659e-09 1
1.135904e-09 1
1.077627e-09 1
9.164492e-10 1
1.041154e-09 1
1.149370e-09 1
1.034698e-09 1
1.177143e-09 1
1.031680e-09 1
1.004535e-09 1
1.005583e-09 1
9.140362e-10 1
8.973270e-10 1
1.036190e-09 1
1.124477e-09 1
1.064992e-09 1
1.109765e-09 1
9.782368e-10 1
9.869353e-10 1
1.016901e-09 1
1.118118e-09 1
9.816269e-10 1
1.042634e-09 1



Average 0:  1.078268e-09 324.000000
Negative elements: 0
108
