1.099786e-09 1
9.837886e-10 1
1.013403e-09 1
9.083889e-10 1
1.047846e-09 1
8.931259e-10 1
9.359464e-10 1
9.863701e-10 1
1.030044e-09 1
1.040699e-09 1
1.095666e-09 1
1.119081e-09 1
1.042298e-09 1
1.040939e-09 1
9.682915e-10 1
9.176272e-10 1
1.142406e-09 1
9.542627e-10 1
1.104766e-09 1
1.113805e-09 1
1.121765e-09 1
1.023877e-09 1
9.503407e-10 1
1.039326e-09 1
1.175984e-09 1
1.191552e-09 1
1.159143e-09 1
1.012742e-09 1
8.838206e-10 1
9.275033e-10 1
1.133989e-09 1
1.092974e-09 1
1.078271e-09 1
1.045743e-09 1
1.037938e-09 1
1.035447e-09 1
9.854935e-10 1
9.585390e-10 1
9.985858e-10 1
1.133690e-09 1
9.924268e-10 1
1.180885e-09 1
1.120840e-09 1
1.029797e-09 1
1.193146e-09 1
1.087462e-09 1
9.871945e-10 1
1.124730e-09 1
1.096136e-09 1
1.045095e-09 1
1.076619e-09 1
9.657819e-10 1
9.425936e-10 1
1.027839e-09 1
1.091364e-09 1
9.557398e-10 1
1.059250e-09 1
1.016267e-09 1
1.020033e-09 1
1.172592e-09 1
9.537594e-10 1
1.043996e-09 1
8.877139e-10 1
1.089333e-09 1
1.125760e-09 1
1.152574e-09 1
1.054879e-09 1
1.002899e-09 1
1.057062e-09 1
1.113831e-09 1
1.177482e-09 1
1.135228e-09 1
1.079744e-09 1
1.050949e-09 1
1.154285e-09 1
1.022040e-09 1
9.649980e-10 1
1.085330e-09 1
1.149861e-09 1
1.072213e-09 1
1.091551e-09 1
1.171512e-09 1
1.088576e-09 1
1.067556e-09 1
1.080726e-09 1
1.055902e-09 1
9.848860e-10 1
1.133666e-09 1
1.213047e-09 1
1.006072e-09 1
9.764992e-10 1
1.022693e-09 1
9.521325e-10 1
9.679278e-10 1
1.014584e-09 1
9.922802e-10 1
1.119990e-09 1
1.098882e-09 1
9.657030e-10 1
1.116124e-09 1
1.086648e-09 1
9.704873e-10 1
1.210278e-09 1
1.086404e-09 1
1.212783e-09 1
1.212323e-09 1
1.174992e-09 1
1.255519e-09 1
1.011764e-09 1
1.108435e-09 1
1.096461e-09 1
1.163114e-09 1
1.115285e-09 1
1.162739e-09 1
1.222615e-09 1
1.129632e-09 1
1.261445e-09 1
1.126051e-09 1
1.125560e-09 1
1.163845e-09 1
9.255105e-10 1
9.974726e-10 1
9.480785e-10 1
9.778850e-10 1
1.037014e-09 1
1.097565e-09 1
1.009841e-09 1
9.136705e-10 1
1.016718e-09 1
1.021474e-09 1
1.005370e-09 1
1.004087e-09 1
1.032812e-09 1
1.026512e-09 1
1.137637e-09 1
1.021440e-09 1
9.860502e-10 1
9.914076e-10 1
1.017315e-09 1
1.032678e-09 1
1.127107e-09 1
1.079804e-09 1
1.204876e-09 1
1.094712e-09 1
1.117885e-09 1
1.140832e-09 1
1.142148e-09 1
9.934943e-10 1
1.075876e-09 1
1.106257e-09 1
1.032725e-09 1
9.998986e-10 1
1.068262e-09 1
1.102689e-09 1
1.253580e-09 1
1.158294e-09 1
1.101485e-09 1
1.212044e-09 1
1.109006e-09 1
1.369282e-09 1
1.126340e-09 1
1.223445e-09 1
1.179668e-09 1
1.085539e-09 1
1.143616e-09 1
1.228503e-09 1
1.136421e-09 1
1.308325e-09 1
1.248145e-09 1
1.146515e-09 1
1.170807e-09 1
1.214125e-09 1
1.022449e-09 1
1.110955e-09 1
1.189520e-09 1
1.042681e-09 1
1.011075e-09 1
1.266430e-09 1
1.177633e-09 1
1.162861e-09 1
9.915169e-10 1
9.103267e-10 1
9.985193e-10 1
1.033664e-09 1
1.063322e-09 1
9.963209e-10 1
1.092488e-09 1
1.072706e-09 1
1.033360e-09 1
9.480869e-10 1
9.740689e-10 1
1.194178e-09 1
1.010586e-09 1
1.053173e-09 1
1.072152e-09 1
1.005169e-09 1
1.022161e-09 1
9.937675e-10 1
1.171713e-09 1
1.228694e-09 1
1.139917e-09 1
9.677206e-10 1
8.843868e-10 1
1.013681e-09 1
1.197529e-09 1
1.192057e-09 1
1.184541e-09 1
1.249595e-09 1
1.173352e-09 1
1.235141e-09 1
1.168174e-09 1
1.198299e-09 1
1.142224e-09 1
9.848379e-10 1
1.168246e-09 1
1.096384e-09 1
1.071659e-09 1
1.216320e-09 1
1.107310e-09 1
1.128678e-09 1
1.125687e-09 1
1.157171e-09 1
1.124714e-09 1
9.759031e-10 1
1.048865e-09 1
1.046695e-09 1
1.060557e-09 1
1.176536e-09 1
1.055209e-09 1
1.090805e-09 1
1.033212e-09 1
1.038540e-09 1
1.012687e-09 1
1.018363e-09 1
1.065944e-09 1
1.150802e-09 1
1.021252e-09 1
1.009142e-09 1
9.815570e-10 1
1.101160e-09 1
1.020237e-09 1
9.537061e-10 1
1.098954e-09 1
1.042144e-09 1
1.128668e-09 1
1.130485e-09 1
1.180570e-09 1
1.146283e-09 1
1.008097e-09 1
1.025930e-09 1
1.108752e-09 1
1.057098e-09 1
1.143011e-09 1
1.096863e-09 1
1.151865e-09 1
1.084240e-09 1
1.204070e-09 1
1.076962e-09 1
1.213688e-09 1
1.115241e-09 1
1.228377e-09 1
1.059791e-09 1
1.171019e-09 1
1.053957e-09 1
1.162983e-09 1
9.986037e-10 1
1.147918e-09 1
1.071051e-09 1
1.128907e-09 1
1.113735e-09 1
1.035524e-09 1
1.121838e-09 1
1.064212e-09 1
1.192656e-09 1
1.174831e-09 1
1.085803e-09 1
1.166921e-09 1
1.024572e-09 1
1.082727e-09 1
1.161551e-09 1
1.055464e-09 1
1.092180e-09 1
1.180656e-09 1
1.198824e-09 1
1.167491e-09 1
1.223683e-09 1
1.018654e-09 1
1.084641e-09 1
1.066508e-09 1
1.091092e-09 1
1.016727e-09 1
1.182428e-09 1
1.062598e-09 1
1.057055e-09 1
1.031352e-09 1
9.195774e-10 1
9.487854e-10 1
1.006271e-09 1
1.092185e-09 1
1.044744e-09 1
9.451445e-10 1
1.050517e-09 1
1.017609e-09 1
1.102675e-09 1
1.131288e-09 1
1.037355e-09 1
1.143403e-09 1
1.108200e-09 1
1.060594e-09 1
1.049462e-09 1
1.022297e-09 1
1.110017e-09 1
1.137219e-09 1
1.059370e-09 1
1.047801e-09 1
1.120833e-09 1
1.176920e-09 1
1.118215e-09 1
1.064260e-09 1
1.045980e-09 1
1.131547e-09 1
1.151288e-09 1
1.038608e-09 1
1.064795e-09 1



Average 0:  1.081107e-09 324.000000
Negative elements: 0
108
