1.094075e-09 1
1.165728e-09 1
1.074985e-09 1
1.029848e-09 1
1.048953e-09 1
1.020899e-09 1
1.127223e-09 1
1.066903e-09 1
1.013628e-09 1
1.092445e-09 1
1.197275e-09 1
1.132860e-09 1
1.137131e-09 1
1.243166e-09 1
1.162918e-09 1
1.120856e-09 1
1.077565e-09 1
1.093150e-09 1
1.127531e-09 1
9.404721e-10 1
1.055793e-09 1
1.139178e-09 1
1.296841e-09 1
1.157328e-09 1
1.074301e-09 1
1.002909e-09 1
1.050316e-09 1
9.881765e-10 1
9.516655e-10 1
9.429939e-10 1
1.104411e-09 1
1.098529e-09 1
1.010713e-09 1
1.147779e-09 1
1.158969e-09 1
9.812704e-10 1
1.038709e-09 1
1.073985e-09 1
1.123217e-09 1
1.128035e-09 1
1.061006e-09 1
1.110880e-09 1
1.168306e-09 1
9.828425e-10 1
1.019535e-09 1
9.845021e-10 1
1.153053e-09 1
1.138284e-09 1
1.024034e-09 1
9.294633e-10 1
9.663297e-10 1
1.030962e-09 1
1.037728e-09 1
1.058016e-09 1
1.401375e-09 1
1.055131e-09 1
1.329992e-09 1
1.128567e-09 1
1.179184e-09 1
1.123750e-09 1
9.427104e-10 1
9.286199e-10 1
1.013409e-09 1
1.097331e-09 1
1.045501e-09 1
1.103285e-09 1
1.055498e-09 1
1.088628e-09 1
1.069801e-09 1
1.160444e-09 1
1.054589e-09 1
9.867429e-10 1
1.099955e-09 1
1.197771e-09 1
1.212408e-09 1
1.024216e-09 1
9.966126e-10 1
1.062196e-09 1
1.084630e-09 1
1.051315e-09 1
9.950648e-10 1
1.061632e-09 1
8.556816e-10 1
1.010335e-09 1
1.028117e-09 1
1.121723e-09 1
1.044200e-09 1
1.135766e-09 1
1.178303e-09 1
9.667814e-10 1
1.052988e-09 1
1.079946e-09 1
1.249603e-09 1
9.844627e-10 1
1.041394e-09 1
1.038965e-09 1
1.151211e-09 1
1.116361e-09 1
1.000545e-09 1
1.150213e-09 1
1.192723e-09 1
1.167615e-09 1
1.062422e-09 1
1.161277e-09 1
9.584590e-10 1
1.201465e-09 1
1.198226e-09 1
1.159201e-09 1
1.009449e-09 1
1.115120e-09 1
1.169900e-09 1
1.227708e-09 1
1.178401e-09 1
1.143957e-09 1
1.157799e-09 1
1.175302e-09 1
1.071068e-09 1
1.115601e-09 1
1.104794e-09 1
1.012691e-09 1
8.714282e-10 1
9.320785e-10 1
9.063780e-10 1
1.166741e-09 1
1.019748e-09 1
1.097447e-09 1
1.018320e-09 1
8.717306e-10 1
9.832652e-10 1
9.611207e-10 1
8.568034e-10 1
9.805325e-10 1
9.593772e-10 1
1.092506e-09 1
1.049736e-09 1
1.001873e-09 1
1.018164e-09 1
1.078450e-09 1
9.606422e-10 1
1.061256e-09 1
1.221443e-09 1
1.005861e-09 1
1.055776e-09 1
1.146482e-09 1
1.079719e-09 1
9.850702e-10 1
1.010549e-09 1
1.167008e-09 1
1.165269e-09 1
1.114927e-09 1
1.150592e-09 1
1.042517e-09 1
1.029455e-09 1
1.152229e-09 1
1.163124e-09 1
1.111700e-09 1
1.249631e-09 1
1.240796e-09 1
1.159158e-09 1
1.244820e-09 1
1.170162e-09 1
1.327846e-09 1
1.228741e-09 1
1.098924e-09 1
1.148218e-09 1
1.190941e-09 1
1.127483e-09 1
1.064276e-09 1
1.044433e-09 1
1.063319e-09 1
9.609440e-10 1
1.046028e-09 1
9.540811e-10 1
1.061704e-09 1
1.058678e-09 1
1.192428e-09 1
1.126392e-09 1
1.099288e-09 1
1.022123e-09 1
1.048819e-09 1
9.950807e-10 1
8.745155e-10 1
1.012527e-09 1
1.188369e-09 1
1.104810e-09 1
1.138268e-09 1
1.067561e-09 1
9.905865e-10 1
1.106258e-09 1
9.923565e-10 1
1.047366e-09 1
1.022073e-09 1
1.099565e-09 1
1.127223e-09 1
1.114316e-09 1
1.092188e-09 1
1.116466e-09 1
1.171018e-09 1
1.125279e-09 1
1.121881e-09 1
1.160865e-09 1
9.905085e-10 1
1.075149e-09 1
1.103783e-09 1
1.108673e-09 1
1.021227e-09 1
1.105306e-09 1
1.107914e-09 1
1.164745e-09 1
1.111818e-09 1
1.134330e-09 1
1.269888e-09 1
1.273989e-09 1
1.232448e-09 1
1.197146e-09 1
1.123725e-09 1
1.041111e-09 1
1.102078e-09 1
1.061336e-09 1
1.120904e-09 1
1.134278e-09 1
9.772139e-10 1
1.118066e-09 1
1.159399e-09 1
1.051142e-09 1
1.021989e-09 1
1.146424e-09 1
1.082266e-09 1
1.048537e-09 1
1.100513e-09 1
1.102634e-09 1
1.185534e-09 1
1.122347e-09 1
1.047368e-09 1
1.119689e-09 1
1.046227e-09 1
1.046150e-09 1
9.949657e-10 1
1.076225e-09 1
9.928424e-10 1
1.109967e-09 1
1.005058e-09 1
1.104165e-09 1
1.159797e-09 1
9.650679e-10 1
1.095850e-09 1
1.170739e-09 1
1.148940e-09 1
1.053772e-09 1
9.628539e-10 1
9.830545e-10 1
9.139573e-10 1
1.053525e-09 1
1.048785e-09 1
1.094874e-09 1
1.294691e-09 1
1.196981e-09 1
1.213617e-09 1
9.607048e-10 1
1.129810e-09 1
1.033376e-09 1
1.142041e-09 1
1.093193e-09 1
1.013796e-09 1
1.191211e-09 1
1.077907e-09 1
1.087039e-09 1
1.054697e-09 1
1.138696e-09 1
1.015696e-09 1
1.014289e-09 1
1.126174e-09 1
9.630514e-10 1
1.072305e-09 1
1.016843e-09 1
9.552549e-10 1
1.170250e-09 1
1.060845e-09 1
1.098467e-09 1
1.145080e-09 1
1.120887e-09 1
1.158003e-09 1
9.266153e-10 1
1.031344e-09 1
1.100069e-09 1
1.126663e-09 1
1.186472e-09 1
1.222878e-09 1
1.023089e-09 1
1.030281e-09 1
1.107983e-09 1
1.089448e-09 1
1.008586e-09 1
1.106137e-09 1
1.022940e-09 1
1.136303e-09 1
1.161619e-09 1
1.080177e-09 1
1.118058e-09 1
1.053026e-09 1
9.801455e-10 1
1.115930e-09 1
9.725867e-10 1
1.123339e-09 1
1.145622e-09 1
1.187338e-09 1
9.908300e-10 1
1.006137e-09 1
1.115350e-09 1
8.872638e-10 1
1.034686e-09 1
9.834002e-10 1
1.009204e-09 1
9.630253e-10 1
1.063548e-09 1
9.697624e-10 1
9.327245e-10 1
8.940200e-10 1
1.041866e-09 1
9.509553e-10 1
9.571503e-10 1
1.000289e-09 1
1.106473e-09 1
9.593833e-10 1



Average 0:  1.079762e-09 324.000000
Negative elements: 0
108
