1.122896e-09 1
1.108330e-09 1
1.101802e-09 1
9.881688e-10 1
1.020077e-09 1
9.888946e-10 1
1.113341e-09 1
1.255832e-09 1
1.090035e-09 1
1.057764e-09 1
1.087651e-09 1
1.081348e-09 1
1.230769e-09 1
1.056922e-09 1
1.218628e-09 1
1.225956e-09 1
1.042047e-09 1
1.179818e-09 1
1.034242e-09 1
9.168540e-10 1
1.118661e-09 1
1.047217e-09 1
1.156545e-09 1
1.044218e-09 1
1.088638e-09 1
1.127745e-09 1
1.077937e-09 1
9.665020e-10 1
8.381824e-10 1
9.094705e-10 1
9.360918e-10 1
1.006447e-09 1
1.022956e-09 1
1.219886e-09 1
1.094631e-09 1
1.020477e-09 1
1.196810e-09 1
1.017681e-09 1
1.114131e-09 1
1.027388e-09 1
1.079219e-09 1
1.016470e-09 1
1.137368e-09 1
1.082074e-09 1
1.049615e-09 1
9.929608e-10 1
1.057757e-09 1
1.091086e-09 1
1.085564e-09 1
1.150973e-09 1
1.039713e-09 1
1.001586e-09 1
1.131959e-09 1
1.042310e-09 1
1.164594e-09 1
1.081463e-09 1
1.041145e-09 1
9.283115e-10 1
1.034788e-09 1
1.065062e-09 1
1.251213e-09 1
1.180287e-09 1
1.095464e-09 1
1.258644e-09 1
1.195327e-09 1
1.177386e-09 1
1.127259e-09 1
1.023837e-09 1
1.036282e-09 1
1.209715e-09 1
1.075643e-09 1
1.224870e-09 1
1.016280e-09 1
1.096653e-09 1
1.178293e-09 1
1.068917e-09 1
1.079243e-09 1
1.074138e-09 1
1.050324e-09 1
1.056201e-09 1
1.078705e-09 1
1.116573e-09 1
9.561702e-10 1
1.024999e-09 1
1.015156e-09 1
1.164769e-09 1
1.059721e-09 1
1.055518e-09 1
9.856472e-10 1
9.850800e-10 1
1.070992e-09 1
1.046769e-09 1
1.057966e-09 1
1.180266e-09 1
1.154538e-09 1
1.081159e-09 1
1.053825e-09 1
1.055817e-09 1
1.055385e-09 1
1.032910e-09 1
9.418032e-10 1
9.666650e-10 1
1.131424e-09 1
9.148568e-10 1
9.818700e-10 1
1.135899e-09 1
1.244434e-09 1
1.043128e-09 1
1.095552e-09 1
1.004910e-09 1
9.683249e-10 1
1.166634e-09 1
1.156875e-09 1
1.220028e-09 1
1.108830e-09 1
1.105584e-09 1
1.056886e-09 1
1.298993e-09 1
1.066126e-09 1
1.222743e-09 1
1.129224e-09 1
1.088809e-09 1
1.069518e-09 1
1.156892e-09 1
1.085456e-09 1
1.142932e-09 1
1.095887e-09 1
1.098490e-09 1
9.804064e-10 1
1.049731e-09 1
1.049212e-09 1
1.017879e-09 1
1.031674e-09 1
1.061882e-09 1
9.905281e-10 1
1.099993e-09 1
1.115117e-09 1
1.186894e-09 1
1.199439e-09 1
1.087384e-09 1
1.141578e-09 1
1.160209e-09 1
1.188664e-09 1
1.114444e-09 1
9.514297e-10 1
9.988911e-10 1
9.203022e-10 1
1.133943e-09 1
1.171353e-09 1
1.051291e-09 1
1.183528e-09 1
1.158029e-09 1
1.090214e-09 1
9.697773e-10 1
1.071554e-09 1
9.048517e-10 1
1.280324e-09 1
1.166064e-09 1
1.145864e-09 1
1.161370e-09 1
1.152812e-09 1
1.143963e-09 1
1.213389e-09 1
1.099096e-09 1
1.117710e-09 1
1.169440e-09 1
1.216543e-09 1
1.213306e-09 1
1.216821e-09 1
1.222597e-09 1
1.265688e-09 1
1.077309e-09 1
1.126992e-09 1
1.071231e-09 1
1.170514e-09 1
1.202745e-09 1
1.056904e-09 1
8.542158e-10 1
1.004582e-09 1
9.910468e-10 1
8.881061e-10 1
1.113994e-09 1
1.034068e-09 1
9.843507e-10 1
1.086641e-09 1
1.009601e-09 1
1.082235e-09 1
9.915753e-10 1
1.001714e-09 1
1.255731e-09 1
1.008623e-09 1
1.116546e-09 1
1.151029e-09 1
1.048440e-09 1
1.180463e-09 1
9.188242e-10 1
1.056097e-09 1
1.037568e-09 1
1.039068e-09 1
1.132102e-09 1
1.156114e-09 1
9.636045e-10 1
1.083623e-09 1
1.080112e-09 1
1.261406e-09 1
1.047360e-09 1
1.132161e-09 1
1.047521e-09 1
1.027330e-09 1
1.116395e-09 1
1.115497e-09 1
1.162407e-09 1
1.121355e-09 1
1.187497e-09 1
1.007726e-09 1
1.098540e-09 1
1.193294e-09 1
1.107961e-09 1
1.096667e-09 1
1.023389e-09 1
1.105839e-09 1
1.137720e-09 1
9.701237e-10 1
1.030862e-09 1
1.027480e-09 1
1.106751e-09 1
9.652824e-10 1
9.702719e-10 1
1.039693e-09 1
1.014607e-09 1
9.530055e-10 1
1.166938e-09 1
1.157928e-09 1
1.047863e-09 1
8.824745e-10 1
1.075873e-09 1
1.051184e-09 1
1.267615e-09 1
1.103001e-09 1
1.127040e-09 1
1.088665e-09 1
1.163983e-09 1
1.131503e-09 1
9.351226e-10 1
9.229358e-10 1
1.017086e-09 1
9.570498e-10 1
1.116442e-09 1
9.723092e-10 1
1.144209e-09 1
1.178657e-09 1
9.614529e-10 1
1.046440e-09 1
1.013834e-09 1
1.189661e-09 1
1.241068e-09 1
1.294390e-09 1
1.208691e-09 1
1.043655e-09 1
9.667659e-10 1
1.000281e-09 1
1.077905e-09 1
1.198567e-09 1
1.013985e-09 1
1.053590e-09 1
1.028570e-09 1
1.065263e-09 1
1.010586e-09 1
1.065281e-09 1
1.043192e-09 1
1.044231e-09 1
1.099682e-09 1
9.840838e-10 1
1.143111e-09 1
1.065765e-09 1
1.181282e-09 1
1.284360e-09 1
1.172716e-09 1
1.072478e-09 1
1.171033e-09 1
1.202572e-09 1
1.062467e-09 1
1.057506e-09 1
1.043406e-09 1
9.053876e-10 1
9.306483e-10 1
1.015280e-09 1
1.119022e-09 1
1.069690e-09 1
1.071035e-09 1
1.109594e-09 1
1.096840e-09 1
9.481940e-10 1
1.136359e-09 1
1.030836e-09 1
9.944905e-10 1
1.222253e-09 1
1.206172e-09 1
1.255488e-09 1
1.221227e-09 1
1.106807e-09 1
1.078132e-09 1
1.040940e-09 1
9.874000e-10 1
9.660554e-10 1
1.235203e-09 1
9.147821e-10 1
1.047193e-09 1
9.910686e-10 1
1.066050e-09 1
1.215534e-09 1
1.163197e-09 1
1.060963e-09 1
1.067914e-09 1
1.046615e-09 1
1.217281e-09 1
1.024356e-09 1
1.033203e-09 1
1.097102e-09 1
1.106296e-09 1
1.032818e-09 1
1.042333e-09 1
1.084020e-09 1
1.056534e-09 1



Average 0:  1.083867e-09 324.000000
Negative elements: 0
108
