1.142320e-09 1
1.071563e-09 1
1.131428e-09 1
1.146925e-09 1
1.060181e-09 1
1.106886e-09 1
1.195166e-09 1
1.062003e-09 1
1.126579e-09 1
1.184007e-09 1
1.213432e-09 1
1.254728e-09 1
1.156362e-09 1
1.078080e-09 1
1.097207e-09 1
1.213102e-09 1
1.090716e-09 1
1.135126e-09 1
1.136211e-09 1
1.144657e-09 1
1.060786e-09 1
1.048414e-09 1
1.152404e-09 1
1.040640e-09 1
1.019042e-09 1
9.012002e-10 1
9.214787e-10 1
1.201583e-09 1
1.196820e-09 1
1.147441e-09 1
9.779170e-10 1
1.069247e-09 1
9.712554e-10 1
1.144314e-09 1
1.150155e-09 1
1.091769e-09 1
1.136699e-09 1
1.125155e-09 1
1.085284e-09 1
1.022083e-09 1
1.042281e-09 1
9.491862e-10 1
9.466185e-10 1
1.067825e-09 1
1.017379e-09 1
9.932126e-10 1
1.002995e-09 1
1.002884e-09 1
1.184591e-09 1
9.621246e-10 1
1.041849e-09 1
1.024930e-09 1
1.048343e-09 1
1.090563e-09 1
1.143637e-09 1
1.141040e-09 1
1.224759e-09 1
1.290442e-09 1
1.163709e-09 1
1.095840e-09 1
1.129695e-09 1
1.087998e-09 1
1.109793e-09 1
1.047756e-09 1
1.152802e-09 1
1.101295e-09 1
1.286889e-09 1
1.083785e-09 1
1.093093e-09 1
1.270313e-09 1
1.180796e-09 1
1.280198e-09 1
1.178470e-09 1
1.224546e-09 1
1.146901e-09 1
1.011266e-09 1
1.096150e-09 1
1.108999e-09 1
1.004035e-09 1
9.832681e-10 1
1.067308e-09 1
1.079369e-09 1
1.018481e-09 1
9.864632e-10 1
1.015797e-09 1
8.884828e-10 1
9.188179e-10 1
1.081933e-09 1
9.852951e-10 1
1.100759e-09 1
1.034068e-09 1
1.054168e-09 1
9.982824e-10 1
1.243712e-09 1
1.154925e-09 1
1.144151e-09 1
1.186185e-09 1
1.237814e-09 1
1.107079e-09 1
1.075864e-09 1
1.111428e-09 1
1.130718e-09 1
1.118810e-09 1
1.152409e-09 1
1.159841e-09 1
1.155189e-09 1
1.149710e-09 1
1.208925e-09 1
1.368596e-09 1
1.317767e-09 1
1.190971e-09 1
9.375764e-10 1
9.447441e-10 1
1.186773e-09 1
1.185258e-09 1
1.194974e-09 1
1.113967e-09 1
9.597240e-10 1
1.024622e-09 1
9.581298e-10 1
9.544475e-10 1
9.120769e-10 1
1.025274e-09 1
1.070658e-09 1
1.139576e-09 1
1.147825e-09 1
1.022990e-09 1
9.999188e-10 1
1.168886e-09 1
1.102576e-09 1
1.134095e-09 1
1.091029e-09 1
9.906688e-10 1
1.032632e-09 1
1.073330e-09 1
1.097718e-09 1
1.093588e-09 1
1.161947e-09 1
1.074727e-09 1
1.052488e-09 1
1.102354e-09 1
1.124911e-09 1
1.008401e-09 1
1.263497e-09 1
1.209394e-09 1
1.192706e-09 1
1.150276e-09 1
1.285777e-09 1
1.147152e-09 1
1.167983e-09 1
1.041779e-09 1
1.087835e-09 1
1.149620e-09 1
1.057766e-09 1
1.151645e-09 1
1.091590e-09 1
1.029144e-09 1
1.113504e-09 1
1.001876e-09 1
1.042033e-09 1
9.702239e-10 1
1.055085e-09 1
1.143287e-09 1
1.105490e-09 1
1.072826e-09 1
1.071823e-09 1
1.162457e-09 1
1.126758e-09 1
1.243400e-09 1
1.171908e-09 1
1.285954e-09 1
1.035629e-09 1
1.191797e-09 1
1.011630e-09 1
1.008122e-09 1
1.092396e-09 1
1.090240e-09 1
1.021672e-09 1
1.055144e-09 1
9.429361e-10 1
1.234599e-09 1
1.071425e-09 1
1.140080e-09 1
1.206130e-09 1
1.103772e-09 1
1.219504e-09 1
1.131364e-09 1
1.064360e-09 1
1.077693e-09 1
1.133607e-09 1
1.087970e-09 1
1.175057e-09 1
1.068964e-09 1
1.010372e-09 1
1.008382e-09 1
9.987854e-10 1
9.848257e-10 1
9.844003e-10 1
1.019973e-09 1
1.205948e-09 1
1.165938e-09 1
1.052686e-09 1
1.074788e-09 1
1.090870e-09 1
9.725045e-10 1
1.030088e-09 1
1.072284e-09 1
1.088446e-09 1
9.735846e-10 1
1.125787e-09 1
1.275902e-09 1
1.151752e-09 1
1.247958e-09 1
1.151899e-09 1
9.566583e-10 1
1.055816e-09 1
1.092798e-09 1
1.041587e-09 1
1.182407e-09 1
1.016475e-09 1
9.904573e-10 1
1.034314e-09 1
1.051601e-09 1
1.008296e-09 1
1.148501e-09 1
1.014808e-09 1
9.846698e-10 1
8.713848e-10 1
9.576296e-10 1
1.070366e-09 1
1.019030e-09 1
1.058080e-09 1
1.021540e-09 1
1.197244e-09 1
1.119191e-09 1
1.167075e-09 1
1.254855e-09 1
1.014072e-09 1
1.060147e-09 1
1.032597e-09 1
9.407759e-10 1
9.906979e-10 1
9.627679e-10 1
9.646503e-10 1
9.595272e-10 1
9.875148e-10 1
1.105522e-09 1
1.082183e-09 1
1.148573e-09 1
1.157462e-09 1
9.176550e-10 1
1.132208e-09 1
9.079264e-10 1
1.013230e-09 1
1.036617e-09 1
1.299382e-09 1
1.169021e-09 1
1.186995e-09 1
9.707727e-10 1
1.079799e-09 1
1.025024e-09 1
8.978644e-10 1
9.093120e-10 1
9.834629e-10 1
1.048281e-09 1
1.075523e-09 1
9.966040e-10 1
1.047330e-09 1
1.017459e-09 1
1.083670e-09 1
1.076454e-09 1
1.131653e-09 1
1.000611e-09 1
1.050012e-09 1
9.919539e-10 1
1.065424e-09 1
1.051094e-09 1
1.126637e-09 1
1.151475e-09 1
1.045398e-09 1
1.021865e-09 1
1.097251e-09 1
1.006543e-09 1
1.014620e-09 1
1.149248e-09 1
9.201766e-10 1
9.779307e-10 1
1.014395e-09 1
9.925696e-10 1
1.185029e-09 1
1.096974e-09 1
1.056963e-09 1
1.166515e-09 1
9.931480e-10 1
1.102417e-09 1
1.029045e-09 1
1.139379e-09 1
1.120990e-09 1
1.117040e-09 1
1.183976e-09 1
1.073642e-09 1
1.238315e-09 1
1.219772e-09 1
1.178465e-09 1
1.118354e-09 1
1.084814e-09 1
1.199055e-09 1
1.165134e-09 1
1.059807e-09 1
1.169056e-09 1
1.126974e-09 1
9.833128e-10 1
1.140497e-09 1
1.080712e-09 1
8.894423e-10 1
9.676854e-10 1
1.076239e-09 1
1.056239e-09 1
1.167363e-09 1
1.007064e-09 1
1.176145e-09 1
1.079354e-09 1
1.006103e-09 1
1.008396e-09 1



Average 0:  1.086624e-09 324.000000
Negative elements: 0
108
