1.052338e-09 1
1.091029e-09 1
1.058362e-09 1
9.895114e-10 1
1.068044e-09 1
1.082894e-09 1
1.011034e-09 1
9.926131e-10 1
1.081455e-09 1
1.035883e-09 1
1.120044e-09 1
1.093091e-09 1
1.086564e-09 1
1.049873e-09 1
1.100210e-09 1
1.109967e-09 1
1.076060e-09 1
1.018006e-09 1
9.598454e-10 1
9.966811e-10 1
1.083338e-09 1
1.082146e-09 1
1.061285e-09 1
1.159013e-09 1
1.165402e-09 1
1.051444e-09 1
1.040399e-09 1
1.145755e-09 1
9.575610e-10 1
1.102652e-09 1
1.194496e-09 1
1.273993e-09 1
1.155506e-09 1
9.345000e-10 1
1.030053e-09 1
1.007973e-09 1
1.046928e-09 1
1.054153e-09 1
1.000091e-09 1
1.076259e-09 1
9.055602e-10 1
9.444033e-10 1
1.222371e-09 1
1.149686e-09 1
1.077767e-09 1
1.002292e-09 1
9.827774e-10 1
1.001348e-09 1
9.346401e-10 1
1.043216e-09 1
1.091656e-09 1
1.010487e-09 1
1.070194e-09 1
1.108541e-09 1
1.006586e-09 1
9.869295e-10 1
1.107720e-09 1
1.170985e-09 1
1.125940e-09 1
1.201993e-09 1
9.636615e-10 1
1.184400e-09 1
1.097048e-09 1
9.627867e-10 1
1.112645e-09 1
1.019065e-09 1
1.014018e-09 1
1.059918e-09 1
1.113120e-09 1
1.031930e-09 1
1.049757e-09 1
1.054348e-09 1
1.118310e-09 1
1.244555e-09 1
1.141449e-09 1
1.073012e-09 1
1.017258e-09 1
1.049427e-09 1
9.961930e-10 1
1.129793e-09 1
1.141596e-09 1
1.040632e-09 1
9.826254e-10 1
1.088582e-09 1
9.722416e-10 1
1.019293e-09 1
1.091019e-09 1
9.840063e-10 1
1.065796e-09 1
9.809680e-10 1
1.188006e-09 1
1.004274e-09 1
1.083092e-09 1
1.243579e-09 1
1.086278e-09 1
1.064890e-09 1
9.846726e-10 1
1.097290e-09 1
1.180138e-09 1
1.142373e-09 1
1.110674e-09 1
1.095519e-09 1
1.053057e-09 1
1.088541e-09 1
1.151751e-09 1
1.221676e-09 1
1.203625e-09 1
1.214725e-09 1
1.300147e-09 1
1.203578e-09 1
1.078537e-09 1
1.025129e-09 1
9.685073e-10 1
1.042521e-09 1
1.073202e-09 1
1.095353e-09 1
1.064703e-09 1
1.183819e-09 1
1.140234e-09 1
1.137843e-09 1
1.137093e-09 1
1.158372e-09 1
1.123956e-09 1
1.230886e-09 1
1.162011e-09 1
1.279051e-09 1
1.077511e-09 1
1.021059e-09 1
1.167999e-09 1
1.126759e-09 1
1.045649e-09 1
1.169680e-09 1
1.048604e-09 1
9.415886e-10 1
1.041635e-09 1
1.145947e-09 1
1.082438e-09 1
1.103021e-09 1
1.068278e-09 1
1.033171e-09 1
8.931624e-10 1
9.983770e-10 1
1.182629e-09 1
9.813689e-10 1
1.279221e-09 1
1.164736e-09 1
1.154874e-09 1
1.256731e-09 1
1.163482e-09 1
1.091851e-09 1
1.179647e-09 1
1.158106e-09 1
1.162205e-09 1
1.243391e-09 1
1.165859e-09 1
1.176445e-09 1
1.219027e-09 1
1.171898e-09 1
1.161950e-09 1
1.285321e-09 1
1.335935e-09 1
1.308494e-09 1
1.065355e-09 1
1.238357e-09 1
1.177200e-09 1
1.082648e-09 1
9.737250e-10 1
1.002142e-09 1
1.065227e-09 1
1.062174e-09 1
1.157071e-09 1
1.124265e-09 1
1.082025e-09 1
1.137046e-09 1
1.035990e-09 1
9.823616e-10 1
1.091192e-09 1
1.093321e-09 1
1.136989e-09 1
1.113130e-09 1
9.759742e-10 1
1.055479e-09 1
1.072695e-09 1
9.666070e-10 1
1.056243e-09 1
1.089040e-09 1
9.502793e-10 1
1.071481e-09 1
1.055070e-09 1
1.010678e-09 1
1.004598e-09 1
1.011882e-09 1
1.246847e-09 1
1.151245e-09 1
1.014509e-09 1
1.313238e-09 1
1.209259e-09 1
1.209548e-09 1
1.054257e-09 1
1.038081e-09 1
1.044785e-09 1
1.133769e-09 1
1.175464e-09 1
1.279355e-09 1
1.121306e-09 1
1.191469e-09 1
1.019899e-09 1
1.067212e-09 1
1.131310e-09 1
9.601776e-10 1
1.274453e-09 1
1.171344e-09 1
1.208210e-09 1
1.129911e-09 1
9.717374e-10 1
1.026091e-09 1
1.132774e-09 1
9.682932e-10 1
1.065765e-09 1
1.154325e-09 1
1.220168e-09 1
1.149177e-09 1
1.077214e-09 1
1.095500e-09 1
1.110392e-09 1
9.244863e-10 1
1.029883e-09 1
1.059266e-09 1
1.070301e-09 1
1.071383e-09 1
1.038596e-09 1
9.813611e-10 1
1.015554e-09 1
1.104695e-09 1
1.059080e-09 1
1.074003e-09 1
1.194016e-09 1
1.066077e-09 1
1.090028e-09 1
1.032314e-09 1
1.099153e-09 1
1.034036e-09 1
9.453805e-10 1
1.039127e-09 1
1.022781e-09 1
1.191968e-09 1
1.247882e-09 1
1.026175e-09 1
1.202620e-09 1
1.010757e-09 1
1.033695e-09 1
9.386382e-10 1
1.114259e-09 1
1.147450e-09 1
1.103338e-09 1
9.663369e-10 1
1.055224e-09 1
9.355518e-10 1
1.166016e-09 1
1.057567e-09 1
1.044258e-09 1
1.115236e-09 1
1.093947e-09 1
1.128538e-09 1
9.293814e-10 1
1.041846e-09 1
9.702074e-10 1
9.967444e-10 1
1.047906e-09 1
1.021381e-09 1
1.068849e-09 1
1.141468e-09 1
1.193844e-09 1
9.211324e-10 1
9.963039e-10 1
1.008316e-09 1
1.129192e-09 1
1.001820e-09 1
1.073538e-09 1
1.245234e-09 1
1.194368e-09 1
1.282425e-09 1
1.123474e-09 1
1.108846e-09 1
1.093624e-09 1
1.073729e-09 1
1.072103e-09 1
9.640346e-10 1
9.933563e-10 1
1.133038e-09 1
1.039530e-09 1
1.062763e-09 1
9.990546e-10 1
1.078520e-09 1
1.176354e-09 1
1.194005e-09 1
1.115222e-09 1
1.046049e-09 1
1.122936e-09 1
1.075258e-09 1
1.053953e-09 1
1.091672e-09 1
1.143481e-09 1
1.057881e-09 1
9.561370e-10 1
1.140641e-09 1
9.870900e-10 1
1.106971e-09 1
9.884977e-10 1
1.031643e-09 1
1.079608e-09 1
1.140937e-09 1
9.456927e-10 1
9.397743e-10 1
9.331100e-10 1
1.059281e-09 1
1.056239e-09 1
1.124790e-09 1
1.061366e-09 1
1.080770e-09 1
1.085993e-09 1
1.017254e-09 1
1.050609e-09 1
9.173644e-10 1



Average 0:  1.084701e-09 324.000000
Negative elements: 0
108
