1.284121e-09 1
1.381388e-09 1
1.378533e-09 1
1.266308e-09 1
1.107879e-09 1
1.147583e-09 1
1.281058e-09 1
1.364987e-09 1
1.230030e-09 1
1.380877e-09 1
1.374311e-09 1
1.430431e-09 1
1.263664e-09 1
1.258767e-09 1
1.301441e-09 1
1.469751e-09 1
1.451338e-09 1
1.586631e-09 1
1.539229e-09 1
1.454942e-09 1
1.393246e-09 1
1.293802e-09 1
1.270696e-09 1
1.292626e-09 1
1.344003e-09 1
1.454048e-09 1
1.363251e-09 1
1.223575e-09 1
1.199897e-09 1
1.337524e-09 1
1.147961e-09 1
1.251831e-09 1
1.197803e-09 1
1.286032e-09 1
1.260815e-09 1
1.238467e-09 1
1.351874e-09 1
1.286950e-09 1
1.384897e-09 1
1.280438e-09 1
1.273426e-09 1
1.479833e-09 1
1.267115e-09 1
1.248480e-09 1
1.183808e-09 1
1.290928e-09 1
1.261708e-09 1
1.100227e-09 1
1.415048e-09 1
1.379294e-09 1
1.275815e-09 1
1.296693e-09 1
1.157263e-09 1
1.257773e-09 1
1.207097e-09 1
1.244410e-09 1
1.223311e-09 1
1.306395e-09 1
1.286153e-09 1
1.161759e-09 1
1.571004e-09 1
1.613452e-09 1
1.628897e-09 1
1.101334e-09 1
1.279794e-09 1
1.206440e-09 1
1.249400e-09 1
1.293937e-09 1
1.232746e-09 1
1.225905e-09 1
1.256468e-09 1
1.390390e-09 1
1.146588e-09 1
1.201978e-09 1
1.219883e-09 1
1.186919e-09 1
1.218264e-09 1
1.257220e-09 1
1.365347e-09 1
1.335150e-09 1
1.317537e-09 1
1.179329e-09 1
1.377287e-09 1
1.375727e-09 1
1.143932e-09 1
1.229970e-09 1
1.192209e-09 1
1.113780e-09 1
1.241884e-09 1
1.348843e-09 1
1.281932e-09 1
1.211235e-09 1
1.194748e-09 1
1.513016e-09 1
1.442743e-09 1
1.321549e-09 1
1.162399e-09 1
1.216782e-09 1
1.298173e-09 1
1.315371e-09 1
1.261253e-09 1
1.207504e-09 1
1.321907e-09 1
1.269855e-09 1
1.260279e-09 1
1.479579e-09 1
1.346215e-09 1
1.390520e-09 1
1.328512e-09 1
1.281322e-09 1
1.356868e-09 1
1.182292e-09 1
1.243784e-09 1
1.265063e-09 1
1.181615e-09 1
1.313789e-09 1
1.345925e-09 1
1.166585e-09 1
1.301126e-09 1
1.260345e-09 1
1.084722e-09 1
1.318105e-09 1
1.276467e-09 1
1.161033e-09 1
1.456640e-09 1
1.279118e-09 1
1.278684e-09 1
1.242904e-09 1
1.277798e-09 1
1.346384e-09 1
1.281268e-09 1
1.284861e-09 1
1.115469e-09 1
1.100043e-09 1
1.101526e-09 1
1.276088e-09 1
1.358102e-09 1
1.302050e-09 1
1.390858e-09 1
1.436647e-09 1
1.351745e-09 1
1.382999e-09 1
1.392798e-09 1
1.306399e-09 1
1.401669e-09 1
1.301995e-09 1
1.129466e-09 1
1.316435e-09 1
1.458522e-09 1
1.468751e-09 1
1.290131e-09 1
1.277383e-09 1
1.189826e-09 1
1.341279e-09 1
1.516823e-09 1
1.406410e-09 1
1.304009e-09 1
1.323835e-09 1
1.335392e-09 1
1.486506e-09 1
1.560400e-09 1
1.435994e-09 1
1.446113e-09 1
1.299956e-09 1
1.214375e-09 1
1.300456e-09 1
1.403053e-09 1
1.381625e-09 1
1.367328e-09 1
1.460677e-09 1
1.268755e-09 1
1.301140e-09 1
1.318385e-09 1
1.216425e-09 1
1.195676e-09 1
1.246838e-09 1
1.310886e-09 1
1.306041e-09 1
1.383787e-09 1
1.444428e-09 1
1.284777e-09 1
1.231434e-09 1
1.131811e-09 1
1.338667e-09 1
1.268825e-09 1
1.391479e-09 1
1.358408e-09 1
1.307852e-09 1
1.387267e-09 1
1.274333e-09 1
1.181015e-09 1
1.086218e-09 1
1.441600e-09 1
1.327396e-09 1
1.349688e-09 1
1.328960e-09 1
1.447938e-09 1
1.421402e-09 1
1.382521e-09 1
1.248645e-09 1
1.152600e-09 1
1.194222e-09 1
1.364862e-09 1
1.270794e-09 1
1.155523e-09 1
1.145211e-09 1
1.135688e-09 1
1.466119e-09 1
1.391740e-09 1
1.464480e-09 1
1.368495e-09 1
1.357330e-09 1
1.332618e-09 1
1.286886e-09 1
1.246914e-09 1
1.266506e-09 1
1.329198e-09 1
1.385619e-09 1
1.391668e-09 1
1.335779e-09 1
1.285824e-09 1
1.312127e-09 1
1.329078e-09 1
1.257019e-09 1
1.339924e-09 1
1.332670e-09 1
1.341171e-09 1
1.330991e-09 1
1.327199e-09 1
1.248306e-09 1
1.170481e-09 1
1.386356e-09 1
1.282990e-09 1
1.284500e-09 1
1.336510e-09 1
1.478132e-09 1
1.501800e-09 1
1.228878e-09 1
1.227090e-09 1
1.296315e-09 1
1.281858e-09 1
1.363007e-09 1
1.488960e-09 1
1.289382e-09 1
1.217197e-09 1
1.426142e-09 1
1.459140e-09 1
1.485283e-09 1
1.461429e-09 1
1.448805e-09 1
1.472952e-09 1
1.374665e-09 1
1.161067e-09 1
1.153648e-09 1
1.238193e-09 1
1.463337e-09 1
1.401129e-09 1
1.293834e-09 1
1.111146e-09 1
1.296553e-09 1
1.143489e-09 1
1.065541e-09 1
1.137478e-09 1
1.199768e-09 1
1.350433e-09 1
1.349467e-09 1
1.395616e-09 1
1.320719e-09 1
1.350164e-09 1
1.329110e-09 1
1.232200e-09 1
1.399805e-09 1
1.245176e-09 1
1.330685e-09 1
1.284973e-09 1
1.278468e-09 1
1.199903e-09 1
1.325449e-09 1
1.386667e-09 1
1.271243e-09 1
1.482767e-09 1
1.354954e-09 1
1.336176e-09 1
1.309848e-09 1
1.215305e-09 1
1.315056e-09 1
1.348063e-09 1
1.304807e-09 1
1.342344e-09 1
1.340090e-09 1
1.399938e-09 1
1.442376e-09 1
1.386848e-09 1
1.280991e-09 1
1.449521e-09 1
1.396992e-09 1
1.358931e-09 1
1.469939e-09 1
1.315008e-09 1
1.338003e-09 1
1.253697e-09 1
1.376258e-09 1
1.450872e-09 1
1.355362e-09 1
1.332755e-09 1
1.349240e-09 1
1.217771e-09 1
1.268873e-09 1
1.205173e-09 1
1.338766e-09 1
1.328708e-09 1
1.227806e-09 1
1.230531e-09 1
1.298287e-09 1
1.104806e-09 1
1.218756e-09 1
1.400270e-09 1
1.127081e-09 1
1.354764e-09 1
1.324161e-09 1
1.332108e-09 1
1.298064e-09 1
1.302383e-09 1
1.334318e-09 1



Average 0:  1.308024e-09 324.000000
Negative elements: 0
108
