1.137099e-09 1
1.307588e-09 1
1.106619e-09 1
1.151775e-09 1
1.213188e-09 1
1.242133e-09 1
1.091139e-09 1
1.196080e-09 1
1.158322e-09 1
1.305696e-09 1
1.382678e-09 1
1.248163e-09 1
1.435232e-09 1
1.382298e-09 1
1.245962e-09 1
1.371286e-09 1
1.458847e-09 1
1.487443e-09 1
1.391365e-09 1
1.354769e-09 1
1.473188e-09 1
1.475503e-09 1
1.362358e-09 1
1.352123e-09 1
1.360805e-09 1
1.334709e-09 1
1.349622e-09 1
1.383215e-09 1
1.382982e-09 1
1.166427e-09 1
1.310809e-09 1
1.327826e-09 1
1.058801e-09 1
9.832255e-10 1
1.211320e-09 1
1.236603e-09 1
1.251376e-09 1
1.251706e-09 1
1.335287e-09 1
1.089611e-09 1
1.174644e-09 1
1.065219e-09 1
1.020633e-09 1
1.104325e-09 1
1.155469e-09 1
1.273860e-09 1
1.070495e-09 1
1.055903e-09 1
1.101514e-09 1
1.137574e-09 1
1.169422e-09 1
1.155201e-09 1
1.232408e-09 1
1.175446e-09 1
1.164472e-09 1
1.175681e-09 1
1.137098e-09 1
1.318211e-09 1
1.315127e-09 1
1.199108e-09 1
1.353766e-09 1
1.415176e-09 1
1.336359e-09 1
1.434844e-09 1
1.429548e-09 1
1.382134e-09 1
1.408262e-09 1
1.265740e-09 1
1.510976e-09 1
1.449104e-09 1
1.217667e-09 1
1.374541e-09 1
1.322264e-09 1
1.190088e-09 1
1.378729e-09 1
1.189113e-09 1
1.371374e-09 1
1.350669e-09 1
1.100331e-09 1
1.094858e-09 1
1.156340e-09 1
1.316598e-09 1
1.231139e-09 1
1.316885e-09 1
1.101499e-09 1
1.187168e-09 1
1.079294e-09 1
1.173814e-09 1
1.181332e-09 1
1.194147e-09 1
1.256975e-09 1
1.352439e-09 1
1.181890e-09 1
1.282052e-09 1
1.436488e-09 1
1.275306e-09 1
1.183641e-09 1
1.272171e-09 1
1.162962e-09 1
1.219100e-09 1
1.307840e-09 1
1.222654e-09 1
1.207756e-09 1
1.279250e-09 1
1.069806e-09 1
1.270937e-09 1
1.362582e-09 1
1.347058e-09 1
1.465663e-09 1
1.447133e-09 1
1.435716e-09 1
1.432229e-09 1
1.308194e-09 1
1.329378e-09 1
1.486234e-09 1
1.268688e-09 1
1.393588e-09 1
1.351283e-09 1
1.445767e-09 1
1.521289e-09 1
1.295402e-09 1
1.302959e-09 1
1.471704e-09 1
1.267103e-09 1
1.208296e-09 1
1.180113e-09 1
1.351709e-09 1
1.403814e-09 1
1.365459e-09 1
1.113043e-09 1
1.195590e-09 1
1.133655e-09 1
1.296209e-09 1
1.277209e-09 1
1.271102e-09 1
1.134217e-09 1
1.098117e-09 1
1.104511e-09 1
1.129044e-09 1
1.392589e-09 1
1.198915e-09 1
1.251771e-09 1
1.242084e-09 1
1.268496e-09 1
1.267228e-09 1
1.224751e-09 1
1.360650e-09 1
1.245484e-09 1
1.230005e-09 1
1.160590e-09 1
1.327577e-09 1
1.289320e-09 1
1.228838e-09 1
1.347166e-09 1
1.407806e-09 1
1.470767e-09 1
1.249109e-09 1
1.450443e-09 1
1.212005e-09 1
1.468720e-09 1
1.439955e-09 1
1.420406e-09 1
1.393678e-09 1
1.284520e-09 1
1.281902e-09 1
1.503456e-09 1
1.375964e-09 1
1.397958e-09 1
1.334368e-09 1
1.323522e-09 1
1.199241e-09 1
1.198183e-09 1
1.171412e-09 1
1.140167e-09 1
1.290086e-09 1
1.162727e-09 1
1.397205e-09 1
1.200697e-09 1
1.158885e-09 1
1.207497e-09 1
1.261935e-09 1
1.243559e-09 1
1.409065e-09 1
1.207242e-09 1
1.118449e-09 1
1.101601e-09 1
1.236337e-09 1
1.235189e-09 1
1.212913e-09 1
1.194775e-09 1
1.251059e-09 1
1.085443e-09 1
1.232340e-09 1
1.265065e-09 1
1.283650e-09 1
1.238248e-09 1
1.173910e-09 1
1.348962e-09 1
1.246296e-09 1
1.221570e-09 1
1.344587e-09 1
1.105214e-09 1
1.311810e-09 1
1.290740e-09 1
1.410408e-09 1
1.362786e-09 1
1.318387e-09 1
1.327940e-09 1
1.325917e-09 1
1.448997e-09 1
1.229561e-09 1
1.218079e-09 1
1.308079e-09 1
1.163705e-09 1
1.299750e-09 1
1.364100e-09 1
1.137359e-09 1
1.411430e-09 1
1.342771e-09 1
1.426406e-09 1
1.329537e-09 1
1.532485e-09 1
1.156695e-09 1
1.236925e-09 1
1.318354e-09 1
1.281936e-09 1
1.291452e-09 1
1.245612e-09 1
1.332617e-09 1
1.407886e-09 1
1.386745e-09 1
1.270029e-09 1
1.229742e-09 1
1.130236e-09 1
1.341903e-09 1
1.204085e-09 1
1.251449e-09 1
1.170791e-09 1
1.060521e-09 1
1.233660e-09 1
1.248848e-09 1
1.201394e-09 1
1.115281e-09 1
1.353839e-09 1
1.453004e-09 1
1.300184e-09 1
1.066544e-09 1
1.146777e-09 1
1.151473e-09 1
1.119944e-09 1
1.138461e-09 1
1.183557e-09 1
1.307218e-09 1
1.310656e-09 1
1.305326e-09 1
1.467226e-09 1
1.446767e-09 1
1.466738e-09 1
1.342258e-09 1
1.110180e-09 1
1.293732e-09 1
1.171237e-09 1
1.169891e-09 1
1.246948e-09 1
1.272831e-09 1
1.301820e-09 1
1.290896e-09 1
1.179017e-09 1
1.311222e-09 1
1.378033e-09 1
1.187940e-09 1
1.319068e-09 1
1.087990e-09 1
1.136607e-09 1
1.109226e-09 1
1.033582e-09 1
1.312875e-09 1
1.249785e-09 1
1.130709e-09 1
1.250177e-09 1
1.265631e-09 1
1.119260e-09 1
1.189187e-09 1
1.194534e-09 1
1.323023e-09 1
1.124637e-09 1
1.235244e-09 1
1.363557e-09 1
1.138838e-09 1
1.171515e-09 1
1.150914e-09 1
1.324758e-09 1
1.368644e-09 1
1.167716e-09 1
1.340089e-09 1
1.315704e-09 1
1.280095e-09 1
1.283920e-09 1
1.173883e-09 1
1.384019e-09 1
1.581554e-09 1
1.421289e-09 1
1.395387e-09 1
1.120830e-09 1
1.388821e-09 1
1.194988e-09 1
1.137219e-09 1
1.268295e-09 1
1.375811e-09 1
1.282796e-09 1
1.517895e-09 1
1.179413e-09 1
1.356134e-09 1
1.239571e-09 1
1.259657e-09 1
1.300993e-09 1
1.111652e-09 1
1.176409e-09 1
1.447509e-09 1
1.255112e-09 1
1.298268e-09 1
1.284555e-09 1
1.241577e-09 1
1.281695e-09 1



Average 0:  1.269328e-09 324.000000
Negative elements: 0
108
