1.242345e-09 1
1.255363e-09 1
1.249323e-09 1
1.137667e-09 1
1.072727e-09 1
1.149952e-09 1
1.442015e-09 1
1.441039e-09 1
1.400162e-09 1
1.314811e-09 1
1.227742e-09 1
1.138887e-09 1
1.240562e-09 1
1.374236e-09 1
1.352695e-09 1
1.361607e-09 1
1.482180e-09 1
1.434778e-09 1
1.518051e-09 1
1.322562e-09 1
1.450818e-09 1
1.260612e-09 1
1.271549e-09 1
1.318586e-09 1
1.455566e-09 1
1.360492e-09 1
1.395447e-09 1
1.355271e-09 1
1.405728e-09 1
1.440660e-09 1
1.216354e-09 1
1.174190e-09 1
1.179270e-09 1
1.257469e-09 1
1.275600e-09 1
1.227698e-09 1
1.238230e-09 1
1.307100e-09 1
1.247311e-09 1
1.135429e-09 1
1.329490e-09 1
1.194199e-09 1
1.169099e-09 1
1.156973e-09 1
1.057035e-09 1
1.298827e-09 1
1.187363e-09 1
1.276770e-09 1
1.455186e-09 1
1.394352e-09 1
1.330474e-09 1
1.339564e-09 1
1.343840e-09 1
1.496788e-09 1
1.545167e-09 1
1.422567e-09 1
1.535344e-09 1
1.252140e-09 1
1.305802e-09 1
1.398560e-09 1
1.099627e-09 1
1.342166e-09 1
1.285267e-09 1
1.137404e-09 1
1.363732e-09 1
1.376296e-09 1
1.291380e-09 1
1.152288e-09 1
1.281213e-09 1
1.441178e-09 1
1.432435e-09 1
1.430704e-09 1
1.235181e-09 1
1.256324e-09 1
1.292703e-09 1
1.395561e-09 1
1.390705e-09 1
1.429346e-09 1
1.286565e-09 1
1.176301e-09 1
1.294723e-09 1
1.385520e-09 1
1.154329e-09 1
1.387356e-09 1
1.190942e-09 1
1.187812e-09 1
1.197628e-09 1
1.043255e-09 1
1.106787e-09 1
1.139584e-09 1
1.205636e-09 1
1.246867e-09 1
1.131760e-09 1
1.368079e-09 1
1.347605e-09 1
1.358901e-09 1
1.356660e-09 1
1.260729e-09 1
1.318895e-09 1
1.433516e-09 1
1.470437e-09 1
1.524812e-09 1
1.400576e-09 1
1.438165e-09 1
1.404746e-09 1
1.299902e-09 1
1.256612e-09 1
1.363356e-09 1
1.406912e-09 1
1.313144e-09 1
1.203901e-09 1
1.407384e-09 1
1.246776e-09 1
1.517744e-09 1
1.404771e-09 1
1.279096e-09 1
1.476483e-09 1
1.503617e-09 1
1.438889e-09 1
1.432551e-09 1
1.316330e-09 1
1.283403e-09 1
1.304182e-09 1
1.247384e-09 1
1.283772e-09 1
1.231650e-09 1
1.087277e-09 1
1.245398e-09 1
1.040449e-09 1
1.233041e-09 1
1.248528e-09 1
1.328402e-09 1
1.172855e-09 1
1.267637e-09 1
1.189501e-09 1
1.330660e-09 1
1.280529e-09 1
1.374104e-09 1
1.308549e-09 1
1.319506e-09 1
1.280551e-09 1
1.410956e-09 1
1.351814e-09 1
1.146814e-09 1
1.322953e-09 1
1.277240e-09 1
1.305911e-09 1
1.300486e-09 1
1.323548e-09 1
1.283850e-09 1
1.094420e-09 1
1.308270e-09 1
1.182400e-09 1
1.308055e-09 1
1.300362e-09 1
1.163364e-09 1
1.289768e-09 1
1.308197e-09 1
1.376020e-09 1
1.403386e-09 1
1.459178e-09 1
1.343716e-09 1
1.395552e-09 1
1.206457e-09 1
1.354279e-09 1
1.468730e-09 1
1.402153e-09 1
1.497597e-09 1
1.390899e-09 1
1.438415e-09 1
1.160185e-09 1
1.229751e-09 1
1.159110e-09 1
1.210339e-09 1
1.185196e-09 1
1.399497e-09 1
1.350604e-09 1
1.218663e-09 1
1.427973e-09 1
1.528929e-09 1
1.354392e-09 1
1.347933e-09 1
1.310092e-09 1
1.319307e-09 1
1.300892e-09 1
1.417305e-09 1
1.294428e-09 1
1.284903e-09 1
1.398857e-09 1
1.275623e-09 1
1.249064e-09 1
1.233448e-09 1
1.343081e-09 1
1.232592e-09 1
1.371532e-09 1
1.211796e-09 1
1.326905e-09 1
1.391373e-09 1
1.335688e-09 1
1.210190e-09 1
1.204658e-09 1
1.209047e-09 1
1.279148e-09 1
1.171629e-09 1
1.278877e-09 1
1.195719e-09 1
1.335452e-09 1
1.140408e-09 1
1.163429e-09 1
1.345670e-09 1
1.189536e-09 1
9.728934e-10 1
1.260511e-09 1
1.105147e-09 1
1.208046e-09 1
1.292266e-09 1
1.234260e-09 1
1.338463e-09 1
1.501513e-09 1
1.188292e-09 1
1.266169e-09 1
1.272510e-09 1
1.462971e-09 1
1.343788e-09 1
1.366228e-09 1
1.382879e-09 1
1.408743e-09 1
1.403898e-09 1
1.287873e-09 1
1.194760e-09 1
1.189516e-09 1
1.245134e-09 1
1.330875e-09 1
1.262059e-09 1
1.279499e-09 1
1.209070e-09 1
1.118692e-09 1
1.397471e-09 1
1.190299e-09 1
1.467174e-09 1
1.331920e-09 1
1.317459e-09 1
1.193818e-09 1
1.394465e-09 1
1.367798e-09 1
1.383148e-09 1
1.207970e-09 1
1.318798e-09 1
1.364229e-09 1
1.365694e-09 1
1.290551e-09 1
1.255738e-09 1
1.306782e-09 1
9.938677e-10 1
1.290977e-09 1
1.173244e-09 1
1.209155e-09 1
1.160438e-09 1
1.364115e-09 1
1.372597e-09 1
1.413493e-09 1
1.524260e-09 1
1.393681e-09 1
1.345153e-09 1
1.306896e-09 1
1.336466e-09 1
1.328717e-09 1
1.234285e-09 1
1.305589e-09 1
1.293107e-09 1
1.230709e-09 1
1.101722e-09 1
1.172297e-09 1
1.373172e-09 1
1.231697e-09 1
1.374065e-09 1
1.070215e-09 1
1.295580e-09 1
1.244936e-09 1
1.402536e-09 1
1.258300e-09 1
1.337367e-09 1
1.242600e-09 1
1.244669e-09 1
1.379055e-09 1
1.207072e-09 1
1.333415e-09 1
1.220146e-09 1
1.222613e-09 1
1.286211e-09 1
1.176580e-09 1
1.349489e-09 1
1.375648e-09 1
1.327890e-09 1
1.337534e-09 1
1.373942e-09 1
1.129559e-09 1
1.487732e-09 1
1.496397e-09 1
1.382472e-09 1
1.354868e-09 1
1.194650e-09 1
1.270518e-09 1
1.318417e-09 1
1.262433e-09 1
1.342943e-09 1
1.428644e-09 1
1.451515e-09 1
1.415856e-09 1
1.453765e-09 1
1.523678e-09 1
1.449740e-09 1
1.149942e-09 1
1.160670e-09 1
1.235858e-09 1
1.338933e-09 1
1.299394e-09 1
1.223476e-09 1
1.103014e-09 1
1.174427e-09 1
1.200100e-09 1
1.353350e-09 1
1.430836e-09 1
1.459540e-09 1



Average 0:  1.301215e-09 324.000000
Negative elements: 0
108
