1.395558e-09 1
1.437791e-09 1
1.447894e-09 1
1.397158e-09 1
1.220117e-09 1
1.349481e-09 1
1.301615e-09 1
1.182525e-09 1
1.148708e-09 1
1.262149e-09 1
1.424978e-09 1
1.365503e-09 1
1.305980e-09 1
1.309101e-09 1
1.359668e-09 1
1.322670e-09 1
1.387475e-09 1
1.377823e-09 1
9.751438e-10 1
1.095862e-09 1
1.125061e-09 1
1.154590e-09 1
1.270944e-09 1
1.341659e-09 1
1.438166e-09 1
1.433543e-09 1
1.476951e-09 1
1.053305e-09 1
1.266627e-09 1
1.201223e-09 1
1.244881e-09 1
1.268152e-09 1
1.422014e-09 1
1.216409e-09 1
1.205657e-09 1
1.292053e-09 1
1.202738e-09 1
1.337414e-09 1
1.228904e-09 1
1.352758e-09 1
1.345822e-09 1
1.279555e-09 1
1.175175e-09 1
1.293425e-09 1
1.234541e-09 1
1.317360e-09 1
1.155684e-09 1
1.211758e-09 1
1.235287e-09 1
1.210844e-09 1
1.157657e-09 1
1.175707e-09 1
1.057405e-09 1
1.133896e-09 1
1.219644e-09 1
1.403299e-09 1
1.416028e-09 1
1.139280e-09 1
1.212381e-09 1
1.305769e-09 1
1.388079e-09 1
1.370952e-09 1
1.237049e-09 1
1.556520e-09 1
1.468341e-09 1
1.523216e-09 1
1.308352e-09 1
1.359380e-09 1
1.208893e-09 1
1.370422e-09 1
1.409529e-09 1
1.352500e-09 1
1.358300e-09 1
1.256473e-09 1
1.386597e-09 1
1.374919e-09 1
1.378598e-09 1
1.316413e-09 1
1.441840e-09 1
1.474526e-09 1
1.349009e-09 1
1.190130e-09 1
1.140835e-09 1
1.258768e-09 1
1.049000e-09 1
1.203690e-09 1
1.214294e-09 1
1.236180e-09 1
1.286257e-09 1
1.396085e-09 1
1.151325e-09 1
1.167411e-09 1
1.282975e-09 1
1.205938e-09 1
1.347551e-09 1
1.316503e-09 1
1.415104e-09 1
1.358112e-09 1
1.454101e-09 1
1.270814e-09 1
1.236888e-09 1
1.311897e-09 1
1.408295e-09 1
1.324438e-09 1
1.392039e-09 1
1.196122e-09 1
1.234558e-09 1
1.222761e-09 1
1.345828e-09 1
1.466998e-09 1
1.344863e-09 1
1.375656e-09 1
1.383274e-09 1
1.311237e-09 1
1.265749e-09 1
1.289976e-09 1
1.111927e-09 1
1.344755e-09 1
1.280009e-09 1
1.364467e-09 1
1.335601e-09 1
1.345797e-09 1
1.486094e-09 1
1.311671e-09 1
1.407177e-09 1
1.368415e-09 1
1.287408e-09 1
1.257972e-09 1
1.175392e-09 1
1.219196e-09 1
1.333630e-09 1
1.254956e-09 1
1.214482e-09 1
1.378633e-09 1
1.308795e-09 1
1.216353e-09 1
1.238610e-09 1
1.339819e-09 1
1.297078e-09 1
1.381233e-09 1
1.368576e-09 1
1.521527e-09 1
1.515875e-09 1
1.485703e-09 1
1.524201e-09 1
1.498593e-09 1
1.532555e-09 1
1.448942e-09 1
1.421281e-09 1
1.327079e-09 1
1.429570e-09 1
1.434763e-09 1
1.381291e-09 1
1.314753e-09 1
1.480362e-09 1
1.294306e-09 1
1.393951e-09 1
1.515490e-09 1
1.365317e-09 1
1.405299e-09 1
1.415109e-09 1
1.303757e-09 1
1.305311e-09 1
1.457868e-09 1
1.416423e-09 1
1.445022e-09 1
1.202190e-09 1
1.312520e-09 1
1.130777e-09 1
1.126999e-09 1
1.106388e-09 1
1.378277e-09 1
1.477274e-09 1
1.326779e-09 1
1.137000e-09 1
1.232952e-09 1
1.331978e-09 1
1.336154e-09 1
1.263716e-09 1
1.240323e-09 1
1.289369e-09 1
1.301410e-09 1
1.234324e-09 1
1.312790e-09 1
1.259424e-09 1
1.234595e-09 1
1.343562e-09 1
1.287776e-09 1
1.336196e-09 1
1.342856e-09 1
1.304988e-09 1
1.182648e-09 1
1.265074e-09 1
1.267437e-09 1
1.180967e-09 1
1.296637e-09 1
1.222126e-09 1
1.287787e-09 1
1.291905e-09 1
1.381109e-09 1
1.440876e-09 1
1.276320e-09 1
1.124398e-09 1
1.211875e-09 1
1.106169e-09 1
1.144884e-09 1
1.214095e-09 1
1.366664e-09 1
1.473497e-09 1
1.482203e-09 1
1.289832e-09 1
1.123722e-09 1
1.112284e-09 1
1.269080e-09 1
1.262365e-09 1
1.172231e-09 1
1.210123e-09 1
1.319468e-09 1
1.323016e-09 1
1.338752e-09 1
1.123186e-09 1
1.343495e-09 1
1.137360e-09 1
1.274175e-09 1
1.232480e-09 1
1.125503e-09 1
1.152820e-09 1
1.211406e-09 1
1.439892e-09 1
1.270585e-09 1
1.308311e-09 1
1.302298e-09 1
1.035086e-09 1
1.136987e-09 1
1.250320e-09 1
1.203755e-09 1
1.309690e-09 1
1.258982e-09 1
1.291488e-09 1
1.186767e-09 1
1.361450e-09 1
1.324949e-09 1
1.334491e-09 1
1.245205e-09 1
1.464741e-09 1
1.351871e-09 1
1.192247e-09 1
1.172486e-09 1
1.356249e-09 1
1.488893e-09 1
1.385941e-09 1
1.415231e-09 1
1.207892e-09 1
1.160403e-09 1
1.236738e-09 1
1.313766e-09 1
1.303107e-09 1
1.265268e-09 1
1.470227e-09 1
1.432572e-09 1
1.377922e-09 1
1.241073e-09 1
1.443866e-09 1
1.138528e-09 1
1.047048e-09 1
1.221424e-09 1
1.211964e-09 1
1.276795e-09 1
1.430597e-09 1
1.218581e-09 1
1.032829e-09 1
1.275418e-09 1
1.243195e-09 1
1.084415e-09 1
1.173081e-09 1
1.043292e-09 1
1.070036e-09 1
1.223372e-09 1
1.249519e-09 1
1.383405e-09 1
1.330612e-09 1
1.414413e-09 1
1.480382e-09 1
1.360304e-09 1
1.451513e-09 1
1.292116e-09 1
1.340076e-09 1
1.421613e-09 1
1.217513e-09 1
1.150912e-09 1
1.209831e-09 1
1.343191e-09 1
1.383174e-09 1
1.239304e-09 1
1.313238e-09 1
1.271248e-09 1
1.291922e-09 1
1.120327e-09 1
1.287293e-09 1
1.206698e-09 1
1.433564e-09 1
1.294118e-09 1
1.361352e-09 1
1.380914e-09 1
1.312928e-09 1
1.313345e-09 1
1.266545e-09 1
1.423348e-09 1
1.236053e-09 1
1.380659e-09 1
1.350305e-09 1
1.281608e-09 1
1.191313e-09 1
1.160186e-09 1
1.218690e-09 1
1.326027e-09 1
1.412467e-09 1
1.181883e-09 1
1.278031e-09 1
1.376033e-09 1
1.318406e-09 1
1.402295e-09 1
1.283190e-09 1
1.233006e-09 1



Average 0:  1.296245e-09 324.000000
Negative elements: 0
108
