1.218981e-09 1
1.238231e-09 1
1.203405e-09 1
1.205533e-09 1
1.432839e-09 1
1.413966e-09 1
1.199148e-09 1
1.344821e-09 1
1.377243e-09 1
1.207434e-09 1
1.287437e-09 1
1.308587e-09 1
1.282461e-09 1
1.207880e-09 1
1.117228e-09 1
1.403588e-09 1
1.170063e-09 1
1.400646e-09 1
1.351637e-09 1
1.436202e-09 1
1.216695e-09 1
1.411335e-09 1
1.439273e-09 1
1.511749e-09 1
1.525830e-09 1
1.327756e-09 1
1.403866e-09 1
1.310029e-09 1
1.354692e-09 1
1.262601e-09 1
1.281967e-09 1
1.235331e-09 1
1.343491e-09 1
1.349305e-09 1
1.267322e-09 1
1.280719e-09 1
1.316308e-09 1
1.245842e-09 1
1.392995e-09 1
1.261841e-09 1
1.218155e-09 1
1.183349e-09 1
1.142663e-09 1
1.127228e-09 1
1.049295e-09 1
1.302742e-09 1
1.349929e-09 1
1.377870e-09 1
1.247210e-09 1
1.202956e-09 1
1.129726e-09 1
1.179862e-09 1
1.162868e-09 1
1.239426e-09 1
1.269858e-09 1
1.415169e-09 1
1.239989e-09 1
1.213549e-09 1
1.317667e-09 1
1.282628e-09 1
1.378829e-09 1
1.403680e-09 1
1.472374e-09 1
1.275635e-09 1
1.259652e-09 1
1.146855e-09 1
1.272567e-09 1
1.295262e-09 1
1.321511e-09 1
1.315696e-09 1
1.369058e-09 1
1.386649e-09 1
1.204914e-09 1
1.113672e-09 1
1.287152e-09 1
1.288697e-09 1
1.295886e-09 1
1.285021e-09 1
1.315877e-09 1
1.282080e-09 1
1.318883e-09 1
1.398989e-09 1
1.424190e-09 1
1.323941e-09 1
1.254765e-09 1
1.094809e-09 1
1.211377e-09 1
1.149923e-09 1
1.083843e-09 1
1.260516e-09 1
1.168080e-09 1
1.230978e-09 1
1.207707e-09 1
1.293020e-09 1
1.163639e-09 1
1.150678e-09 1
1.257102e-09 1
1.228568e-09 1
1.224143e-09 1
1.256103e-09 1
1.318726e-09 1
1.311386e-09 1
1.204168e-09 1
1.179541e-09 1
1.115856e-09 1
1.452957e-09 1
1.534142e-09 1
1.447289e-09 1
1.203058e-09 1
1.295393e-09 1
1.176594e-09 1
1.337831e-09 1
1.374096e-09 1
1.394056e-09 1
1.252955e-09 1
1.397762e-09 1
1.222341e-09 1
1.249465e-09 1
1.429404e-09 1
1.498398e-09 1
1.335552e-09 1
1.381209e-09 1
1.554372e-09 1
1.191128e-09 1
1.309621e-09 1
1.270710e-09 1
1.129019e-09 1
1.281582e-09 1
1.255050e-09 1
1.122333e-09 1
1.277782e-09 1
1.254014e-09 1
1.110107e-09 1
1.219564e-09 1
1.098503e-09 1
1.341192e-09 1
1.240530e-09 1
1.352421e-09 1
1.303983e-09 1
1.276736e-09 1
1.238831e-09 1
1.160084e-09 1
1.102107e-09 1
1.235244e-09 1
1.350509e-09 1
1.280368e-09 1
1.237138e-09 1
1.296103e-09 1
1.357169e-09 1
1.425328e-09 1
1.152983e-09 1
1.166245e-09 1
1.290592e-09 1
1.165745e-09 1
1.166603e-09 1
1.106543e-09 1
1.162284e-09 1
1.215860e-09 1
1.228597e-09 1
1.329426e-09 1
1.240330e-09 1
1.318077e-09 1
1.424083e-09 1
1.158215e-09 1
1.393189e-09 1
1.373636e-09 1
1.523924e-09 1
1.404234e-09 1
1.342494e-09 1
1.304314e-09 1
1.355771e-09 1
1.249253e-09 1
1.143610e-09 1
1.061676e-09 1
1.338042e-09 1
1.196796e-09 1
1.237218e-09 1
1.281040e-09 1
1.250357e-09 1
1.242083e-09 1
1.189932e-09 1
1.267054e-09 1
1.074048e-09 1
1.175093e-09 1
1.181678e-09 1
1.202230e-09 1
1.228591e-09 1
1.306749e-09 1
1.253781e-09 1
1.253265e-09 1
1.137898e-09 1
1.297310e-09 1
1.280412e-09 1
1.127042e-09 1
1.338272e-09 1
1.288511e-09 1
1.243950e-09 1
1.214772e-09 1
1.387013e-09 1
1.194666e-09 1
1.182925e-09 1
1.458182e-09 1
1.389279e-09 1
1.371843e-09 1
1.292729e-09 1
1.429243e-09 1
1.377312e-09 1
1.492816e-09 1
1.345138e-09 1
1.447920e-09 1
1.571313e-09 1
1.126747e-09 1
1.424621e-09 1
1.387035e-09 1
1.396638e-09 1
1.275844e-09 1
1.237281e-09 1
1.183028e-09 1
1.179487e-09 1
1.414312e-09 1
1.395392e-09 1
1.448842e-09 1
1.158622e-09 1
1.342489e-09 1
1.185594e-09 1
1.232823e-09 1
1.123661e-09 1
1.142672e-09 1
1.409894e-09 1
1.407113e-09 1
1.245398e-09 1
1.240906e-09 1
1.192562e-09 1
1.265748e-09 1
1.290055e-09 1
1.351470e-09 1
1.429592e-09 1
1.206969e-09 1
1.166637e-09 1
1.191820e-09 1
1.308335e-09 1
1.303006e-09 1
1.200966e-09 1
1.367766e-09 1
1.346028e-09 1
1.363414e-09 1
1.304001e-09 1
1.204145e-09 1
1.206714e-09 1
1.221227e-09 1
1.232364e-09 1
1.219363e-09 1
1.262301e-09 1
1.305032e-09 1
1.183454e-09 1
1.293369e-09 1
1.292883e-09 1
1.419277e-09 1
1.288758e-09 1
1.298235e-09 1
1.380326e-09 1
1.312854e-09 1
1.340964e-09 1
1.328703e-09 1
1.276635e-09 1
1.287857e-09 1
1.331582e-09 1
1.207937e-09 1
1.282748e-09 1
1.218289e-09 1
1.314266e-09 1
1.443096e-09 1
1.428085e-09 1
1.313144e-09 1
1.365008e-09 1
1.374447e-09 1
1.210113e-09 1
1.262060e-09 1
1.384878e-09 1
1.332669e-09 1
1.263409e-09 1
1.290086e-09 1
1.222384e-09 1
1.246186e-09 1
1.203944e-09 1
1.448795e-09 1
1.305729e-09 1
1.331842e-09 1
1.058614e-09 1
1.071593e-09 1
1.157723e-09 1
1.291387e-09 1
1.297792e-09 1
1.281873e-09 1
1.312758e-09 1
1.388693e-09 1
1.358162e-09 1
1.439469e-09 1
1.383365e-09 1
1.479465e-09 1
1.338377e-09 1
1.432246e-09 1
1.311936e-09 1
1.284861e-09 1
1.328327e-09 1
1.385561e-09 1
1.416331e-09 1
1.305951e-09 1
1.481489e-09 1
1.331896e-09 1
1.329986e-09 1
1.173782e-09 1
1.356348e-09 1
1.274724e-09 1
1.161126e-09 1
1.277636e-09 1
1.252724e-09 1
1.213047e-09 1
1.305333e-09 1
1.457280e-09 1
1.457086e-09 1
1.082015e-09 1
1.263697e-09 1
1.312374e-09 1



Average 0:  1.285542e-09 324.000000
Negative elements: 0
108
