2.561052e-09 1
2.482049e-09 1
2.647218e-09 1
2.330133e-09 1
2.308213e-09 1
2.551612e-09 1
2.289168e-09 1
2.645552e-09 1
2.756393e-09 1
2.495048e-09 1
2.357515e-09 1
2.540054e-09 1
2.464907e-09 1
2.653371e-09 1
2.488690e-09 1
2.593344e-09 1
2.688940e-09 1
2.467977e-09 1
2.321576e-09 1
2.405366e-09 1
2.282727e-09 1
2.507635e-09 1
2.561086e-09 1
2.279028e-09 1
2.476050e-09 1
2.262870e-09 1
2.354663e-09 1
2.216869e-09 1
2.526245e-09 1
2.414972e-09 1
2.603576e-09 1
2.760140e-09 1
2.427868e-09 1
2.677816e-09 1
2.551767e-09 1
2.659775e-09 1
2.583448e-09 1
2.353617e-09 1
2.351975e-09 1
2.429552e-09 1
2.635627e-09 1
2.510083e-09 1
2.392079e-09 1
2.312198e-09 1
2.571214e-09 1
2.559451e-09 1
2.352147e-09 1
2.738736e-09 1
2.346639e-09 1
2.509463e-09 1
2.447223e-09 1
2.597438e-09 1
2.217603e-09 1
2.564228e-09 1
2.637541e-09 1
2.463927e-09 1
2.532487e-09 1
2.338672e-09 1
2.203409e-09 1
2.388043e-09 1
2.747639e-09 1
2.856640e-09 1
2.708893e-09 1
2.573040e-09 1
2.418472e-09 1
2.260510e-09 1
2.608846e-09 1
2.557303e-09 1
2.589075e-09 1
2.510243e-09 1
2.563173e-09 1
2.578276e-09 1
2.572685e-09 1
2.319306e-09 1
2.628847e-09 1
2.450659e-09 1
2.126304e-09 1
2.260265e-09 1
2.491046e-09 1
2.559714e-09 1
2.583604e-09 1
2.690412e-09 1
2.695213e-09 1
2.546871e-09 1
2.522208e-09 1
2.616202e-09 1
2.535040e-09 1
2.528406e-09 1
2.289842e-09 1
2.475607e-09 1
2.567214e-09 1
2.262936e-09 1
2.370268e-09 1
2.423822e-09 1
2.254483e-09 1
2.239773e-09 1
2.248158e-09 1
2.360574e-09 1
2.387137e-09 1
2.279760e-09 1
2.467248e-09 1
2.529528e-09 1
2.485860e-09 1
2.585350e-09 1
2.668062e-09 1
2.301689e-09 1
2.426031e-09 1
2.229069e-09 1
2.594065e-09 1
2.182789e-09 1
2.549497e-09 1
2.500631e-09 1
2.621492e-09 1
2.549431e-09 1
2.752969e-09 1
2.580126e-09 1
2.779865e-09 1
2.593270e-09 1
2.273374e-09 1
2.442834e-09 1
2.544372e-09 1
2.502009e-09 1
2.481205e-09 1
2.347536e-09 1
2.591242e-09 1
2.623464e-09 1
2.553210e-09 1
2.849029e-09 1
2.651800e-09 1
2.407665e-09 1
2.709217e-09 1
2.624688e-09 1
2.506843e-09 1
2.166668e-09 1
2.467027e-09 1
2.409704e-09 1
2.335611e-09 1
2.420939e-09 1
2.444892e-09 1
2.128266e-09 1
2.374255e-09 1
2.505677e-09 1
2.397678e-09 1
2.421386e-09 1
2.270140e-09 1
2.208296e-09 1
2.356156e-09 1
2.395190e-09 1
2.197327e-09 1
2.475385e-09 1
2.351355e-09 1
2.706822e-09 1
2.620598e-09 1
2.737423e-09 1
2.533842e-09 1
2.492328e-09 1
2.180617e-09 1
2.489808e-09 1
2.169132e-09 1
2.244459e-09 1
2.618144e-09 1
2.323409e-09 1
2.500165e-09 1
2.383322e-09 1
2.652128e-09 1
2.643893e-09 1
2.707618e-09 1
2.863228e-09 1
2.448335e-09 1
2.807327e-09 1
2.818404e-09 1
2.527542e-09 1
2.771012e-09 1
2.549617e-09 1
2.277609e-09 1
2.321729e-09 1
2.292594e-09 1
2.208437e-09 1
2.324583e-09 1
2.349435e-09 1
2.295858e-09 1
2.577224e-09 1
2.478703e-09 1
2.417159e-09 1
2.441687e-09 1
2.282264e-09 1
2.431333e-09 1
2.697705e-09 1
2.583417e-09 1
2.721722e-09 1
2.470875e-09 1
2.691086e-09 1
2.566311e-09 1
2.339783e-09 1
2.470380e-09 1
2.701358e-09 1
2.755906e-09 1
2.623933e-09 1
2.671251e-09 1
2.669651e-09 1
2.641819e-09 1
2.542246e-09 1
2.658214e-09 1
2.490359e-09 1
2.643607e-09 1
2.284987e-09 1
2.510554e-09 1
2.376284e-09 1
2.486106e-09 1
2.602831e-09 1
2.038388e-09 1
2.240847e-09 1
2.432745e-09 1
2.459251e-09 1
2.355382e-09 1
2.465286e-09 1
2.321770e-09 1
2.261652e-09 1
2.437273e-09 1
2.520066e-09 1
2.454682e-09 1
2.377012e-09 1
2.076689e-09 1
2.334548e-09 1
2.018931e-09 1
2.739326e-09 1
2.715770e-09 1
2.659221e-09 1
2.774332e-09 1
2.780931e-09 1
2.797401e-09 1
2.310487e-09 1
2.295731e-09 1
2.303891e-09 1
2.568330e-09 1
2.335244e-09 1
2.622203e-09 1
2.652412e-09 1
2.390053e-09 1
2.399056e-09 1
2.541617e-09 1
2.618759e-09 1
2.508049e-09 1
2.169449e-09 1
2.284816e-09 1
2.452150e-09 1
2.066795e-09 1
2.129331e-09 1
2.280515e-09 1
2.495068e-09 1
2.292821e-09 1
2.258075e-09 1
2.295706e-09 1
2.354358e-09 1
2.084119e-09 1
2.214811e-09 1
2.290847e-09 1
2.047240e-09 1
2.655007e-09 1
2.610346e-09 1
2.810741e-09 1
2.655109e-09 1
2.574190e-09 1
2.698076e-09 1
2.549862e-09 1
2.482698e-09 1
2.708299e-09 1
2.307654e-09 1
2.444517e-09 1
2.292228e-09 1
2.597404e-09 1
2.460173e-09 1
2.525626e-09 1
2.536927e-09 1
2.722504e-09 1
2.657090e-09 1
2.700199e-09 1
2.579482e-09 1
2.704744e-09 1
2.567023e-09 1
2.442366e-09 1
2.410214e-09 1
2.312331e-09 1
2.273321e-09 1
2.432479e-09 1
2.467655e-09 1
2.512839e-09 1
2.193697e-09 1
2.377166e-09 1
2.358363e-09 1
2.154487e-09 1
2.222782e-09 1
2.320145e-09 1
2.463776e-09 1
2.632884e-09 1
2.359608e-09 1
2.509127e-09 1
2.651326e-09 1
2.538440e-09 1
2.554672e-09 1
2.535890e-09 1
2.605614e-09 1
2.524756e-09 1
2.416596e-09 1
2.658030e-09 1
2.457319e-09 1
2.724721e-09 1
2.541261e-09 1
2.706734e-09 1
2.430674e-09 1
2.214753e-09 1
2.336234e-09 1
2.674790e-09 1
2.688510e-09 1
2.505660e-09 1
2.501589e-09 1
2.647738e-09 1
2.500464e-09 1
2.358285e-09 1
2.362652e-09 1
2.484344e-09 1
2.484354e-09 1
2.616925e-09 1
2.624039e-09 1



Average 0:  2.477096e-09 324.000000
Negative elements: 0
108
