2.391402e-09 1
2.346793e-09 1
2.229088e-09 1
2.682358e-09 1
2.692968e-09 1
2.466526e-09 1
2.545253e-09 1
2.428540e-09 1
2.261322e-09 1
2.597112e-09 1
2.499380e-09 1
2.374204e-09 1
2.595069e-09 1
2.418976e-09 1
2.538060e-09 1
2.464377e-09 1
2.642991e-09 1
2.336126e-09 1
2.260077e-09 1
2.193004e-09 1
1.969291e-09 1
2.355638e-09 1
2.472067e-09 1
2.177264e-09 1
2.000079e-09 1
2.378164e-09 1
2.268330e-09 1
2.584078e-09 1
2.493341e-09 1
2.461977e-09 1
2.435880e-09 1
2.670064e-09 1
2.361873e-09 1
2.564002e-09 1
2.387062e-09 1
2.583372e-09 1
2.553043e-09 1
2.424471e-09 1
2.479100e-09 1
2.284523e-09 1
2.073721e-09 1
2.151459e-09 1
2.367134e-09 1
2.268192e-09 1
2.437424e-09 1
2.321975e-09 1
2.442917e-09 1
2.379558e-09 1
2.280895e-09 1
1.945378e-09 1
1.926247e-09 1
2.194969e-09 1
2.082074e-09 1
2.482636e-09 1
2.445332e-09 1
2.511175e-09 1
2.491723e-09 1
2.082323e-09 1
2.254139e-09 1
2.402624e-09 1
2.175990e-09 1
2.422505e-09 1
2.553058e-09 1
2.150419e-09 1
2.401134e-09 1
2.171080e-09 1
2.742977e-09 1
2.616904e-09 1
2.473783e-09 1
2.504590e-09 1
2.494355e-09 1
2.439543e-09 1
2.551494e-09 1
2.440080e-09 1
2.463155e-09 1
2.556571e-09 1
2.366432e-09 1
2.442336e-09 1
2.558316e-09 1
2.535652e-09 1
2.704684e-09 1
2.481403e-09 1
2.650651e-09 1
2.522015e-09 1
2.318955e-09 1
2.512227e-09 1
2.362351e-09 1
2.305342e-09 1
2.278978e-09 1
2.166088e-09 1
2.026000e-09 1
2.043427e-09 1
2.356893e-09 1
1.836868e-09 1
2.084128e-09 1
2.360511e-09 1
2.674569e-09 1
2.568202e-09 1
2.806088e-09 1
2.341605e-09 1
2.307551e-09 1
2.139549e-09 1
2.296290e-09 1
2.331457e-09 1
2.187148e-09 1
2.440990e-09 1
2.411999e-09 1
2.364589e-09 1
2.357282e-09 1
2.468283e-09 1
2.233226e-09 1
2.466693e-09 1
2.663939e-09 1
2.507575e-09 1
2.397838e-09 1
2.578792e-09 1
2.357710e-09 1
2.745879e-09 1
2.666218e-09 1
2.694720e-09 1
2.702476e-09 1
2.673376e-09 1
2.741056e-09 1
2.479954e-09 1
2.314361e-09 1
2.369976e-09 1
2.765312e-09 1
2.882065e-09 1
2.892780e-09 1
2.843923e-09 1
2.816970e-09 1
2.721956e-09 1
2.641112e-09 1
2.292578e-09 1
2.412663e-09 1
2.433429e-09 1
2.529454e-09 1
2.679114e-09 1
2.535995e-09 1
2.677892e-09 1
2.746611e-09 1
2.513078e-09 1
2.448705e-09 1
2.466354e-09 1
2.296377e-09 1
2.617198e-09 1
2.406494e-09 1
2.265140e-09 1
2.671774e-09 1
2.576059e-09 1
2.656047e-09 1
2.583862e-09 1
2.654722e-09 1
2.714441e-09 1
2.537461e-09 1
2.440272e-09 1
2.770424e-09 1
2.691179e-09 1
2.662178e-09 1
2.475645e-09 1
2.576049e-09 1
2.581305e-09 1
2.210572e-09 1
2.503742e-09 1
2.392945e-09 1
2.746290e-09 1
2.577851e-09 1
2.667265e-09 1
2.527421e-09 1
2.467139e-09 1
2.375847e-09 1
2.587788e-09 1
2.419145e-09 1
2.706196e-09 1
2.705022e-09 1
2.725033e-09 1
2.707136e-09 1
2.403993e-09 1
2.447330e-09 1
2.215703e-09 1
2.509081e-09 1
2.562062e-09 1
2.364832e-09 1
2.660453e-09 1
2.791141e-09 1
2.762466e-09 1
2.647533e-09 1
2.786998e-09 1
2.572569e-09 1
2.465066e-09 1
2.550708e-09 1
2.562102e-09 1
2.604076e-09 1
2.569553e-09 1
2.491239e-09 1
2.635996e-09 1
2.594360e-09 1
2.429713e-09 1
2.649687e-09 1
2.408445e-09 1
2.240944e-09 1
2.655594e-09 1
2.634265e-09 1
2.433123e-09 1
2.621117e-09 1
2.473718e-09 1
2.329664e-09 1
2.597134e-09 1
2.574430e-09 1
2.530667e-09 1
2.666310e-09 1
2.609279e-09 1
2.713863e-09 1
2.788110e-09 1
2.801644e-09 1
2.942648e-09 1
2.628056e-09 1
2.723314e-09 1
2.659531e-09 1
2.838738e-09 1
2.647297e-09 1
2.799230e-09 1
2.562778e-09 1
2.451532e-09 1
2.591945e-09 1
2.331666e-09 1
2.190080e-09 1
2.351816e-09 1
2.414075e-09 1
2.537122e-09 1
2.491371e-09 1
2.714459e-09 1
2.764896e-09 1
2.818633e-09 1
2.242062e-09 1
2.276343e-09 1
2.281886e-09 1
2.200024e-09 1
2.145162e-09 1
2.294634e-09 1
2.643044e-09 1
2.412368e-09 1
2.566485e-09 1
2.468225e-09 1
2.540766e-09 1
2.517095e-09 1
2.449767e-09 1
2.330656e-09 1
2.718181e-09 1
2.428919e-09 1
2.288168e-09 1
2.286604e-09 1
2.811050e-09 1
2.611598e-09 1
2.378131e-09 1
2.383230e-09 1
2.413330e-09 1
2.470245e-09 1
2.377994e-09 1
2.279490e-09 1
2.303337e-09 1
2.547770e-09 1
2.617238e-09 1
2.601986e-09 1
2.383271e-09 1
2.423216e-09 1
2.270444e-09 1
2.568263e-09 1
2.819741e-09 1
2.744140e-09 1
2.596851e-09 1
2.520015e-09 1
2.650847e-09 1
2.447103e-09 1
2.322200e-09 1
2.521083e-09 1
2.555982e-09 1
2.398376e-09 1
2.447776e-09 1
2.512648e-09 1
2.594995e-09 1
2.743592e-09 1
2.915005e-09 1
2.878800e-09 1
2.821555e-09 1
2.521702e-09 1
2.453058e-09 1
2.281724e-09 1
2.635687e-09 1
2.672029e-09 1
2.465306e-09 1
2.879788e-09 1
2.861543e-09 1
2.910765e-09 1
2.511360e-09 1
2.438907e-09 1
2.535525e-09 1
2.531257e-09 1
2.478916e-09 1
2.420849e-09 1
2.779581e-09 1
2.795930e-09 1
2.632058e-09 1
2.552401e-09 1
2.366069e-09 1
2.378361e-09 1
2.364758e-09 1
2.122874e-09 1
2.151488e-09 1
2.375022e-09 1
2.384725e-09 1
2.322303e-09 1
2.573867e-09 1
2.482391e-09 1
2.646090e-09 1
2.534939e-09 1
2.682108e-09 1
2.421677e-09 1
2.246743e-09 1
2.279936e-09 1
2.430225e-09 1
2.433832e-09 1
2.435968e-09 1
2.462529e-09 1



Average 0:  2.487209e-09 324.000000
Negative elements: 0
108
