1.982086e-09 1
2.104536e-09 1
2.144162e-09 1
2.084538e-09 1
2.047474e-09 1
2.046966e-09 1
2.564968e-09 1
2.563358e-09 1
2.232080e-09 1
2.501551e-09 1
2.450191e-09 1
2.006740e-09 1
2.637977e-09 1
2.635625e-09 1
2.655978e-09 1
2.369886e-09 1
2.525085e-09 1
2.400796e-09 1
2.716575e-09 1
2.409723e-09 1
2.447011e-09 1
2.277413e-09 1
2.375072e-09 1
2.234943e-09 1
2.364620e-09 1
2.659024e-09 1
2.598025e-09 1
2.421375e-09 1
2.278334e-09 1
2.045765e-09 1
2.807681e-09 1
2.663302e-09 1
2.523519e-09 1
2.720487e-09 1
2.593988e-09 1
2.805504e-09 1
2.500069e-09 1
2.530852e-09 1
2.587270e-09 1
2.606970e-09 1
2.717072e-09 1
2.690896e-09 1
2.262376e-09 1
2.352957e-09 1
2.402841e-09 1
2.285842e-09 1
2.527489e-09 1
2.480606e-09 1
2.303949e-09 1
2.394811e-09 1
2.465362e-09 1
2.739449e-09 1
2.909544e-09 1
2.944275e-09 1
2.692430e-09 1
2.710882e-09 1
2.818070e-09 1
2.470619e-09 1
2.530142e-09 1
2.565628e-09 1
2.882306e-09 1
2.895668e-09 1
2.771616e-09 1
2.556243e-09 1
2.416698e-09 1
2.493080e-09 1
2.589671e-09 1
2.658381e-09 1
2.327525e-09 1
2.367129e-09 1
2.248083e-09 1
2.126555e-09 1
2.520471e-09 1
2.283547e-09 1
2.465993e-09 1
2.548226e-09 1
2.596737e-09 1
2.534185e-09 1
2.710937e-09 1
2.649338e-09 1
2.321791e-09 1
2.435436e-09 1
2.435170e-09 1
2.601372e-09 1
2.883971e-09 1
2.810092e-09 1
2.876609e-09 1
2.772114e-09 1
2.547243e-09 1
2.616254e-09 1
2.265186e-09 1
2.474596e-09 1
2.455797e-09 1
2.333637e-09 1
2.323104e-09 1
1.978990e-09 1
2.520034e-09 1
2.509291e-09 1
2.378749e-09 1
2.675569e-09 1
2.756768e-09 1
2.644944e-09 1
2.713950e-09 1
2.759215e-09 1
2.719800e-09 1
2.779474e-09 1
2.840473e-09 1
2.860300e-09 1
2.782183e-09 1
2.770854e-09 1
2.513347e-09 1
2.701613e-09 1
2.731594e-09 1
2.567290e-09 1
2.895324e-09 1
2.745705e-09 1
2.885603e-09 1
2.914618e-09 1
2.899476e-09 1
2.848367e-09 1
2.673501e-09 1
2.531845e-09 1
2.672638e-09 1
2.585029e-09 1
2.502111e-09 1
2.469133e-09 1
2.641016e-09 1
2.716053e-09 1
2.818861e-09 1
2.535414e-09 1
2.385767e-09 1
2.441532e-09 1
2.427940e-09 1
2.330215e-09 1
2.477773e-09 1
2.593955e-09 1
2.515850e-09 1
2.387685e-09 1
2.574028e-09 1
2.483063e-09 1
2.644360e-09 1
2.500301e-09 1
2.353467e-09 1
2.525656e-09 1
2.621697e-09 1
2.708549e-09 1
2.574568e-09 1
2.859660e-09 1
2.904802e-09 1
2.849344e-09 1
2.692127e-09 1
2.698454e-09 1
2.526452e-09 1
2.644685e-09 1
2.529377e-09 1
2.680478e-09 1
2.503108e-09 1
2.411573e-09 1
2.255528e-09 1
2.583298e-09 1
2.714473e-09 1
2.649796e-09 1
2.447686e-09 1
2.666238e-09 1
2.599422e-09 1
2.806122e-09 1
2.760235e-09 1
2.784022e-09 1
2.697841e-09 1
2.638450e-09 1
2.559667e-09 1
2.794583e-09 1
2.803596e-09 1
2.761677e-09 1
2.615968e-09 1
2.686108e-09 1
2.787353e-09 1
2.822397e-09 1
2.747220e-09 1
2.801066e-09 1
2.717990e-09 1
2.757387e-09 1
2.712440e-09 1
2.609909e-09 1
2.402407e-09 1
2.662530e-09 1
2.695886e-09 1
2.753181e-09 1
2.745937e-09 1
2.608892e-09 1
2.763250e-09 1
2.607801e-09 1
2.454108e-09 1
2.257530e-09 1
2.349500e-09 1
2.302228e-09 1
2.344858e-09 1
2.547841e-09 1
2.296921e-09 1
2.454623e-09 1
2.180222e-09 1
2.247479e-09 1
2.220456e-09 1
2.454633e-09 1
2.661862e-09 1
2.570700e-09 1
2.700017e-09 1
2.540455e-09 1
2.710524e-09 1
2.672536e-09 1
2.443900e-09 1
2.273501e-09 1
2.417544e-09 1
2.660773e-09 1
2.590421e-09 1
2.339074e-09 1
2.813071e-09 1
2.796491e-09 1
2.692699e-09 1
2.411728e-09 1
2.469387e-09 1
2.229455e-09 1
2.527790e-09 1
2.689519e-09 1
2.609203e-09 1
2.137408e-09 1
2.409674e-09 1
2.137671e-09 1
2.169037e-09 1
2.540079e-09 1
2.596597e-09 1
2.748307e-09 1
2.807028e-09 1
2.783270e-09 1
2.584583e-09 1
2.525158e-09 1
2.430846e-09 1
2.720938e-09 1
2.750316e-09 1
2.663214e-09 1
2.694120e-09 1
2.466595e-09 1
2.625878e-09 1
2.681486e-09 1
2.848147e-09 1
2.604115e-09 1
2.475227e-09 1
2.483876e-09 1
2.327122e-09 1
2.318136e-09 1
2.091655e-09 1
2.226405e-09 1
2.492821e-09 1
2.596766e-09 1
2.416877e-09 1
2.596852e-09 1
2.393286e-09 1
2.329911e-09 1
2.494726e-09 1
2.749252e-09 1
2.629323e-09 1
2.496817e-09 1
2.542590e-09 1
1.947727e-09 1
2.549380e-09 1
2.598169e-09 1
2.392238e-09 1
2.718746e-09 1
2.531265e-09 1
2.729559e-09 1
2.364196e-09 1
2.473286e-09 1
2.486355e-09 1
2.715664e-09 1
2.703242e-09 1
2.693893e-09 1
2.335906e-09 1
2.352415e-09 1
2.325353e-09 1
2.316356e-09 1
2.510264e-09 1
2.553986e-09 1
2.617702e-09 1
2.539500e-09 1
2.665271e-09 1
2.315131e-09 1
2.102472e-09 1
2.214400e-09 1
2.499250e-09 1
2.460815e-09 1
2.597002e-09 1
2.208073e-09 1
2.319320e-09 1
2.256592e-09 1
2.724760e-09 1
2.748173e-09 1
2.584794e-09 1
2.939254e-09 1
2.795791e-09 1
2.831635e-09 1
2.568960e-09 1
2.521844e-09 1
2.507794e-09 1
2.657067e-09 1
2.767204e-09 1
2.567323e-09 1
2.303727e-09 1
2.570929e-09 1
2.671844e-09 1
2.169398e-09 1
2.410995e-09 1
2.392933e-09 1
2.320998e-09 1
2.309818e-09 1
2.391091e-09 1
2.388513e-09 1
2.310920e-09 1
2.647616e-09 1
2.325587e-09 1
2.143909e-09 1
2.327471e-09 1
2.511731e-09 1
2.602754e-09 1
2.578444e-09 1



Average 0:  2.539480e-09 324.000000
Negative elements: 0
108
