3.117379e-09 1
3.053220e-09 1
3.004394e-09 1
3.095025e-09 1
3.103860e-09 1
2.998724e-09 1
2.923606e-09 1
3.107650e-09 1
2.956863e-09 1
3.043656e-09 1
3.064831e-09 1
2.976981e-09 1
2.948128e-09 1
3.084380e-09 1
3.099600e-09 1
2.694141e-09 1
2.630510e-09 1
2.736247e-09 1
2.639367e-09 1
2.536401e-09 1
2.663478e-09 1
3.111767e-09 1
3.178683e-09 1
2.988565e-09 1
2.999021e-09 1
3.065466e-09 1
2.926228e-09 1
2.963519e-09 1
2.853135e-09 1
3.000203e-09 1
3.078108e-09 1
2.989224e-09 1
2.988640e-09 1
2.833407e-09 1
2.819286e-09 1
2.981048e-09 1
2.710823e-09 1
3.009557e-09 1
2.665176e-09 1
2.933158e-09 1
2.898018e-09 1
3.048586e-09 1
2.976837e-09 1
2.929222e-09 1
3.007878e-09 1
2.977275e-09 1
3.083859e-09 1
3.103853e-09 1
2.928252e-09 1
2.887310e-09 1
2.947884e-09 1
2.982002e-09 1
3.031701e-09 1
3.043580e-09 1
2.947773e-09 1
2.911962e-09 1
2.797190e-09 1
3.020778e-09 1
3.106223e-09 1
3.016008e-09 1
3.058906e-09 1
3.011244e-09 1
2.731169e-09 1
2.989438e-09 1
2.748028e-09 1
2.911700e-09 1
3.013829e-09 1
2.959297e-09 1
2.985055e-09 1
3.047409e-09 1
3.097797e-09 1
2.970579e-09 1
3.140757e-09 1
2.928150e-09 1
3.016396e-09 1
2.839021e-09 1
2.986982e-09 1
3.019071e-09 1
3.008423e-09 1
3.050182e-09 1
3.032808e-09 1
2.965521e-09 1
2.910518e-09 1
2.930681e-09 1
2.918532e-09 1
2.873100e-09 1
2.942769e-09 1
2.964409e-09 1
3.049800e-09 1
2.952566e-09 1
2.957167e-09 1
3.003873e-09 1
2.990093e-09 1
2.885248e-09 1
2.639911e-09 1
2.933822e-09 1
2.446513e-09 1
2.617522e-09 1
2.691740e-09 1
2.595877e-09 1
2.708053e-09 1
2.733392e-09 1
2.885038e-09 1
2.979669e-09 1
2.766641e-09 1
2.839800e-09 1
2.981865e-09 1
2.680573e-09 1
2.901825e-09 1
2.675379e-09 1
2.742113e-09 1
2.861959e-09 1
3.071850e-09 1
3.005210e-09 1
2.767058e-09 1
3.116682e-09 1
3.117890e-09 1
3.111076e-09 1
3.206597e-09 1
3.230907e-09 1
2.808464e-09 1
2.743404e-09 1
2.947103e-09 1
3.059808e-09 1
2.941345e-09 1
3.002512e-09 1
2.695213e-09 1
2.745259e-09 1
2.705271e-09 1
3.059037e-09 1
2.992932e-09 1
3.086327e-09 1
2.880404e-09 1
2.915321e-09 1
2.822437e-09 1
2.941557e-09 1
3.073138e-09 1
2.863310e-09 1
2.930573e-09 1
3.066419e-09 1
3.022797e-09 1
3.123372e-09 1
3.132295e-09 1
3.030045e-09 1
3.180320e-09 1
3.216562e-09 1
3.214340e-09 1
2.908507e-09 1
3.011649e-09 1
2.957306e-09 1
3.169983e-09 1
3.254632e-09 1
3.270947e-09 1
2.832366e-09 1
2.803701e-09 1
2.788511e-09 1
2.909962e-09 1
2.702301e-09 1
2.844268e-09 1
2.596229e-09 1
2.621614e-09 1
2.770177e-09 1
3.045806e-09 1
3.099914e-09 1
3.223094e-09 1
3.112301e-09 1
3.001553e-09 1
2.976820e-09 1
2.938358e-09 1
2.979648e-09 1
2.946647e-09 1
3.077247e-09 1
3.184170e-09 1
3.182988e-09 1
3.063545e-09 1
2.953326e-09 1
3.093920e-09 1
3.034843e-09 1
2.991583e-09 1
3.106648e-09 1
2.982484e-09 1
3.080825e-09 1
3.041600e-09 1
2.935401e-09 1
2.830849e-09 1
2.886731e-09 1
3.003863e-09 1
3.022445e-09 1
3.049274e-09 1
3.081511e-09 1
3.060151e-09 1
2.893524e-09 1
2.902574e-09 1
2.864234e-09 1
2.917161e-09 1
2.507297e-09 1
2.647103e-09 1
2.883458e-09 1
2.867495e-09 1
2.939768e-09 1
3.073078e-09 1
3.020015e-09 1
2.999942e-09 1
3.023404e-09 1
2.735019e-09 1
2.793039e-09 1
2.545898e-09 1
3.056843e-09 1
3.116897e-09 1
3.049249e-09 1
3.193456e-09 1
3.197172e-09 1
3.092688e-09 1
3.205973e-09 1
3.131444e-09 1
3.100010e-09 1
3.072714e-09 1
3.089547e-09 1
3.034637e-09 1
3.151494e-09 1
3.291892e-09 1
3.283209e-09 1
3.084633e-09 1
3.119533e-09 1
3.121632e-09 1
3.154448e-09 1
3.078785e-09 1
3.218283e-09 1
2.924141e-09 1
3.030134e-09 1
3.117126e-09 1
2.946035e-09 1
3.089731e-09 1
3.068965e-09 1
2.843379e-09 1
2.923563e-09 1
2.721936e-09 1
2.753790e-09 1
2.939298e-09 1
2.958245e-09 1
2.932671e-09 1
3.046126e-09 1
3.005871e-09 1
2.782034e-09 1
2.979233e-09 1
2.773028e-09 1
2.934054e-09 1
3.024952e-09 1
3.161119e-09 1
2.976493e-09 1
2.964952e-09 1
3.159452e-09 1
3.147451e-09 1
3.217297e-09 1
3.100616e-09 1
3.201166e-09 1
3.103883e-09 1
3.029884e-09 1
2.994313e-09 1
2.984059e-09 1
2.914658e-09 1
3.045961e-09 1
2.793381e-09 1
2.934214e-09 1
2.931293e-09 1
3.020740e-09 1
2.949112e-09 1
3.227586e-09 1
3.272210e-09 1
3.189689e-09 1
3.066320e-09 1
2.969748e-09 1
3.059498e-09 1
2.998309e-09 1
2.796062e-09 1
2.937359e-09 1
3.130450e-09 1
2.922932e-09 1
3.055402e-09 1
3.307495e-09 1
3.354728e-09 1
3.308428e-09 1
3.131764e-09 1
3.011730e-09 1
3.041056e-09 1
3.278115e-09 1
3.226034e-09 1
3.209565e-09 1
3.246891e-09 1
3.237916e-09 1
3.181990e-09 1
2.721007e-09 1
2.982747e-09 1
2.732383e-09 1
3.257476e-09 1
3.019180e-09 1
3.241227e-09 1
2.528804e-09 1
2.951829e-09 1
2.814831e-09 1
2.594898e-09 1
3.064681e-09 1
2.985058e-09 1
3.243192e-09 1
3.189394e-09 1
3.079277e-09 1
3.234740e-09 1
3.262479e-09 1
3.165419e-09 1
3.127971e-09 1
3.127822e-09 1
3.156792e-09 1
2.983066e-09 1
3.021874e-09 1
2.941252e-09 1
2.920450e-09 1
2.879247e-09 1
2.968481e-09 1
3.067832e-09 1
3.113398e-09 1
3.032673e-09 1
3.009467e-09 1
2.835043e-09 1
2.866122e-09 1



Average 0:  2.982135e-09 324.000000
Negative elements: 0
108
