3.155499e-09 1
2.905066e-09 1
3.190863e-09 1
3.031369e-09 1
3.112588e-09 1
2.819949e-09 1
3.113645e-09 1
3.017250e-09 1
3.062766e-09 1
3.112486e-09 1
3.145395e-09 1
3.015615e-09 1
3.168524e-09 1
2.970946e-09 1
2.974492e-09 1
2.893529e-09 1
2.762174e-09 1
2.708033e-09 1
2.682224e-09 1
2.723835e-09 1
2.759833e-09 1
2.831622e-09 1
3.054443e-09 1
3.026541e-09 1
2.998392e-09 1
2.740408e-09 1
3.001810e-09 1
3.136557e-09 1
3.197507e-09 1
3.232532e-09 1
3.134961e-09 1
3.120177e-09 1
3.142988e-09 1
3.121803e-09 1
2.877487e-09 1
2.940351e-09 1
3.034188e-09 1
3.052783e-09 1
2.944502e-09 1
3.029107e-09 1
3.108111e-09 1
3.167936e-09 1
2.850310e-09 1
2.678291e-09 1
2.913571e-09 1
2.633540e-09 1
2.660632e-09 1
2.708878e-09 1
2.996795e-09 1
3.100553e-09 1
3.099592e-09 1
2.780539e-09 1
2.579765e-09 1
2.749474e-09 1
3.015561e-09 1
2.638266e-09 1
2.924331e-09 1
3.246004e-09 1
3.227502e-09 1
3.162929e-09 1
3.139281e-09 1
3.200539e-09 1
3.174074e-09 1
3.053378e-09 1
3.208784e-09 1
3.037516e-09 1
3.065839e-09 1
3.083822e-09 1
2.933006e-09 1
3.129736e-09 1
3.143865e-09 1
3.134943e-09 1
3.223776e-09 1
3.225542e-09 1
3.241847e-09 1
3.024487e-09 1
2.888649e-09 1
2.973727e-09 1
3.071401e-09 1
2.817661e-09 1
2.894373e-09 1
3.134421e-09 1
3.089714e-09 1
3.079152e-09 1
2.718708e-09 1
2.828359e-09 1
2.424088e-09 1
3.161463e-09 1
3.148367e-09 1
3.082866e-09 1
3.258099e-09 1
3.258792e-09 1
3.264577e-09 1
3.018111e-09 1
3.084827e-09 1
2.824442e-09 1
2.585233e-09 1
2.642221e-09 1
2.637581e-09 1
2.546866e-09 1
2.845350e-09 1
2.563355e-09 1
3.206020e-09 1
3.160415e-09 1
2.942296e-09 1
3.264821e-09 1
3.296794e-09 1
3.247636e-09 1
3.144123e-09 1
3.237124e-09 1
3.112272e-09 1
3.239545e-09 1
3.245946e-09 1
3.245160e-09 1
3.176933e-09 1
3.150561e-09 1
3.071638e-09 1
3.249881e-09 1
3.242881e-09 1
3.103069e-09 1
3.119523e-09 1
3.109481e-09 1
2.930156e-09 1
3.101683e-09 1
3.095526e-09 1
3.146326e-09 1
2.785670e-09 1
2.815942e-09 1
2.866765e-09 1
3.123390e-09 1
3.249600e-09 1
3.109454e-09 1
2.999607e-09 1
2.749925e-09 1
2.806750e-09 1
3.012964e-09 1
2.843170e-09 1
3.014522e-09 1
3.165965e-09 1
3.163863e-09 1
3.206923e-09 1
3.182956e-09 1
3.069345e-09 1
3.149934e-09 1
2.967054e-09 1
2.929655e-09 1
2.963681e-09 1
3.098149e-09 1
3.040951e-09 1
2.994473e-09 1
3.252363e-09 1
3.175587e-09 1
3.297868e-09 1
3.005461e-09 1
2.910178e-09 1
2.873125e-09 1
3.042962e-09 1
3.020892e-09 1
3.107517e-09 1
2.924524e-09 1
3.029220e-09 1
2.947665e-09 1
3.148348e-09 1
3.139698e-09 1
3.246839e-09 1
2.840619e-09 1
2.502790e-09 1
2.526982e-09 1
3.112448e-09 1
2.940858e-09 1
2.987172e-09 1
2.830004e-09 1
2.718373e-09 1
2.885768e-09 1
2.884051e-09 1
3.068113e-09 1
2.851119e-09 1
3.008907e-09 1
3.114676e-09 1
2.961753e-09 1
2.938141e-09 1
2.892208e-09 1
2.875605e-09 1
2.622671e-09 1
2.936846e-09 1
2.868110e-09 1
2.703132e-09 1
2.971481e-09 1
2.831839e-09 1
3.015036e-09 1
2.992801e-09 1
3.061118e-09 1
2.803337e-09 1
2.949423e-09 1
2.951467e-09 1
3.136142e-09 1
3.055554e-09 1
3.060721e-09 1
2.798920e-09 1
2.932933e-09 1
2.988167e-09 1
3.183229e-09 1
3.156530e-09 1
3.179837e-09 1
2.599346e-09 1
2.745029e-09 1
2.872640e-09 1
2.817121e-09 1
2.786790e-09 1
2.788755e-09 1
2.560251e-09 1
2.763434e-09 1
2.896731e-09 1
2.489873e-09 1
2.885228e-09 1
2.634724e-09 1
2.827693e-09 1
2.874910e-09 1
2.990013e-09 1
2.854650e-09 1
3.043644e-09 1
3.109291e-09 1
2.551031e-09 1
2.718519e-09 1
2.690606e-09 1
2.874303e-09 1
3.072311e-09 1
3.036176e-09 1
2.786528e-09 1
3.018439e-09 1
2.782624e-09 1
3.002959e-09 1
3.059858e-09 1
2.992026e-09 1
2.873519e-09 1
3.034294e-09 1
3.002977e-09 1
2.979913e-09 1
2.905819e-09 1
2.736210e-09 1
2.677948e-09 1
2.862437e-09 1
2.875790e-09 1
2.731765e-09 1
2.840947e-09 1
2.630239e-09 1
2.642729e-09 1
2.646750e-09 1
2.629844e-09 1
3.148239e-09 1
3.163928e-09 1
2.931335e-09 1
3.080676e-09 1
2.801031e-09 1
3.025982e-09 1
2.980325e-09 1
2.776690e-09 1
2.992257e-09 1
2.664805e-09 1
2.683993e-09 1
2.860147e-09 1
2.917188e-09 1
3.033877e-09 1
3.098534e-09 1
2.957582e-09 1
3.135201e-09 1
2.987637e-09 1
2.993111e-09 1
3.087230e-09 1
3.019388e-09 1
2.619993e-09 1
2.931212e-09 1
2.902380e-09 1
2.892923e-09 1
3.105969e-09 1
2.790817e-09 1
3.147700e-09 1
2.995054e-09 1
2.885849e-09 1
3.129934e-09 1
3.127548e-09 1
3.185243e-09 1
3.182041e-09 1
3.003824e-09 1
3.161330e-09 1
2.602207e-09 1
2.875551e-09 1
2.811065e-09 1
2.628235e-09 1
2.847452e-09 1
2.870984e-09 1
3.046031e-09 1
3.067444e-09 1
3.037126e-09 1
2.888143e-09 1
2.695041e-09 1
2.979693e-09 1
2.641673e-09 1
2.567716e-09 1
2.806713e-09 1
2.891948e-09 1
2.560566e-09 1
2.960001e-09 1
2.837983e-09 1
2.730786e-09 1
2.716781e-09 1
2.882433e-09 1
2.617389e-09 1
2.854787e-09 1
3.112617e-09 1
3.062965e-09 1
3.087904e-09 1
2.948147e-09 1
3.009986e-09 1
2.864691e-09 1
2.832819e-09 1
2.676489e-09 1
2.736246e-09 1
2.982771e-09 1
2.855508e-09 1
3.037187e-09 1
3.021831e-09 1
2.873281e-09 1
3.003905e-09 1



Average 0:  2.958590e-09 324.000000
Negative elements: 0
108
