3.069976e-09 1
2.964060e-09 1
2.948383e-09 1
3.122794e-09 1
3.144266e-09 1
3.017589e-09 1
3.014479e-09 1
2.955330e-09 1
2.939241e-09 1
3.149539e-09 1
3.164728e-09 1
2.935725e-09 1
3.009822e-09 1
3.092941e-09 1
3.133797e-09 1
3.031024e-09 1
2.905574e-09 1
2.854797e-09 1
2.894662e-09 1
2.974115e-09 1
2.914074e-09 1
3.255563e-09 1
3.063114e-09 1
3.246309e-09 1
3.035474e-09 1
3.084805e-09 1
3.028442e-09 1
3.222251e-09 1
3.225559e-09 1
3.300443e-09 1
3.059636e-09 1
3.064469e-09 1
2.927886e-09 1
2.979771e-09 1
2.923585e-09 1
2.906579e-09 1
2.794937e-09 1
2.736980e-09 1
2.817371e-09 1
2.680080e-09 1
2.753310e-09 1
2.671622e-09 1
2.656627e-09 1
2.727970e-09 1
2.885051e-09 1
2.881923e-09 1
3.065440e-09 1
2.982863e-09 1
3.045778e-09 1
3.074750e-09 1
3.163817e-09 1
2.866225e-09 1
2.729313e-09 1
2.782688e-09 1
2.940035e-09 1
3.003197e-09 1
3.053354e-09 1
2.931479e-09 1
2.771679e-09 1
2.951835e-09 1
3.217134e-09 1
3.179638e-09 1
3.196093e-09 1
2.735284e-09 1
3.021018e-09 1
2.930893e-09 1
3.250955e-09 1
3.281596e-09 1
3.309270e-09 1
2.726385e-09 1
2.760734e-09 1
3.022891e-09 1
3.104517e-09 1
3.122512e-09 1
3.226535e-09 1
2.996681e-09 1
3.085561e-09 1
2.979369e-09 1
2.703905e-09 1
2.848460e-09 1
2.820231e-09 1
2.703499e-09 1
2.725894e-09 1
2.589925e-09 1
2.938412e-09 1
3.050555e-09 1
3.156419e-09 1
2.666279e-09 1
2.796392e-09 1
2.924489e-09 1
2.985178e-09 1
2.865843e-09 1
2.918426e-09 1
3.037144e-09 1
2.847714e-09 1
3.069469e-09 1
3.012606e-09 1
3.002932e-09 1
2.808523e-09 1
3.246836e-09 1
3.201101e-09 1
3.172858e-09 1
2.782328e-09 1
2.958331e-09 1
2.820385e-09 1
2.812437e-09 1
2.874296e-09 1
2.814231e-09 1
3.143162e-09 1
3.197339e-09 1
3.047591e-09 1
2.754722e-09 1
3.021106e-09 1
2.875529e-09 1
3.083187e-09 1
3.116299e-09 1
2.908095e-09 1
3.352832e-09 1
3.316852e-09 1
3.315974e-09 1
3.226274e-09 1
3.078076e-09 1
3.240499e-09 1
2.912540e-09 1
3.047581e-09 1
2.929567e-09 1
3.127351e-09 1
2.974335e-09 1
3.125405e-09 1
2.817352e-09 1
3.011441e-09 1
2.954422e-09 1
2.958992e-09 1
3.083195e-09 1
2.982400e-09 1
2.942210e-09 1
2.612220e-09 1
2.817906e-09 1
3.194898e-09 1
3.247871e-09 1
3.169391e-09 1
3.266154e-09 1
3.298047e-09 1
3.287208e-09 1
3.053931e-09 1
3.119272e-09 1
3.013712e-09 1
2.715382e-09 1
2.946245e-09 1
2.784154e-09 1
3.096895e-09 1
3.025321e-09 1
2.944061e-09 1
3.130812e-09 1
3.087300e-09 1
2.926986e-09 1
2.897702e-09 1
2.796175e-09 1
2.861954e-09 1
2.624288e-09 1
2.531662e-09 1
2.789273e-09 1
2.842399e-09 1
2.659236e-09 1
2.725865e-09 1
2.852679e-09 1
2.810268e-09 1
2.949112e-09 1
3.050583e-09 1
2.785473e-09 1
2.933141e-09 1
3.113881e-09 1
3.160866e-09 1
3.238831e-09 1
2.838860e-09 1
2.645283e-09 1
2.915661e-09 1
2.949450e-09 1
3.083956e-09 1
3.048377e-09 1
3.032576e-09 1
3.165731e-09 1
3.050521e-09 1
3.030937e-09 1
3.164617e-09 1
3.173817e-09 1
3.019780e-09 1
3.146199e-09 1
3.138634e-09 1
3.113703e-09 1
3.024823e-09 1
3.137655e-09 1
2.857344e-09 1
3.067063e-09 1
3.032122e-09 1
2.715315e-09 1
2.947541e-09 1
2.712487e-09 1
2.873211e-09 1
3.128286e-09 1
3.087497e-09 1
2.885101e-09 1
3.027006e-09 1
2.722993e-09 1
2.902598e-09 1
2.804365e-09 1
2.870150e-09 1
2.910750e-09 1
2.768202e-09 1
2.778811e-09 1
3.172963e-09 1
3.144439e-09 1
3.223538e-09 1
3.166595e-09 1
3.139028e-09 1
3.042436e-09 1
3.127478e-09 1
3.227421e-09 1
3.043174e-09 1
2.999986e-09 1
3.034333e-09 1
3.221859e-09 1
2.948750e-09 1
2.898891e-09 1
2.754527e-09 1
2.961532e-09 1
2.799703e-09 1
2.750018e-09 1
2.494103e-09 1
2.430797e-09 1
2.481163e-09 1
2.648931e-09 1
2.881380e-09 1
2.991835e-09 1
2.979426e-09 1
2.963541e-09 1
3.168365e-09 1
3.037382e-09 1
2.992373e-09 1
3.180660e-09 1
3.088176e-09 1
3.041028e-09 1
2.933956e-09 1
2.999321e-09 1
3.055431e-09 1
2.924029e-09 1
3.107370e-09 1
2.944290e-09 1
3.020186e-09 1
3.011042e-09 1
3.110109e-09 1
2.872479e-09 1
2.803766e-09 1
2.582835e-09 1
2.683389e-09 1
2.988159e-09 1
3.100038e-09 1
3.079266e-09 1
2.957204e-09 1
2.951647e-09 1
2.892419e-09 1
3.157468e-09 1
3.099273e-09 1
3.176009e-09 1
3.163391e-09 1
3.274570e-09 1
3.238656e-09 1
2.809258e-09 1
2.753590e-09 1
2.779637e-09 1
3.041374e-09 1
2.930556e-09 1
2.999964e-09 1
2.956921e-09 1
3.190865e-09 1
3.151134e-09 1
2.843601e-09 1
2.685881e-09 1
2.751908e-09 1
2.887292e-09 1
2.908572e-09 1
2.926257e-09 1
2.813174e-09 1
2.696911e-09 1
2.411628e-09 1
2.846619e-09 1
2.726310e-09 1
2.831257e-09 1
2.781639e-09 1
2.577358e-09 1
2.830457e-09 1
2.967368e-09 1
2.891269e-09 1
3.000638e-09 1
2.935899e-09 1
2.993080e-09 1
3.026358e-09 1
3.230591e-09 1
3.119566e-09 1
3.078345e-09 1
3.178391e-09 1
2.942662e-09 1
3.154947e-09 1
3.098158e-09 1
2.793252e-09 1
2.904720e-09 1
3.124233e-09 1
3.182640e-09 1
3.111682e-09 1
2.888603e-09 1
2.885810e-09 1
2.783695e-09 1
2.801881e-09 1
2.898047e-09 1
2.708723e-09 1
2.578250e-09 1
2.656174e-09 1
2.864172e-09 1
2.700865e-09 1
2.627061e-09 1
2.469808e-09 1
2.762723e-09 1
3.102830e-09 1
3.089095e-09 1



Average 0:  2.964056e-09 324.000000
Negative elements: 0
108
