2.838774e-09 1
2.557725e-09 1
2.616676e-09 1
3.122971e-09 1
3.067132e-09 1
3.074906e-09 1
2.968775e-09 1
2.692735e-09 1
2.885814e-09 1
3.147365e-09 1
3.248037e-09 1
3.227123e-09 1
3.041694e-09 1
2.902686e-09 1
2.921068e-09 1
2.991941e-09 1
2.984980e-09 1
2.919913e-09 1
2.692222e-09 1
2.948140e-09 1
2.778810e-09 1
2.646356e-09 1
2.881557e-09 1
2.676092e-09 1
2.670485e-09 1
2.808050e-09 1
2.775385e-09 1
2.839305e-09 1
2.901289e-09 1
2.699592e-09 1
2.906571e-09 1
2.955420e-09 1
2.885816e-09 1
3.229481e-09 1
3.200032e-09 1
3.234068e-09 1
3.073490e-09 1
3.135216e-09 1
3.011000e-09 1
2.846079e-09 1
2.753454e-09 1
2.911199e-09 1
3.092027e-09 1
3.198690e-09 1
3.209045e-09 1
2.856776e-09 1
2.651624e-09 1
2.673637e-09 1
2.904659e-09 1
3.140127e-09 1
3.143237e-09 1
2.784880e-09 1
2.858980e-09 1
2.838081e-09 1
2.821870e-09 1
2.859388e-09 1
2.758441e-09 1
3.097201e-09 1
2.909436e-09 1
3.122088e-09 1
2.905853e-09 1
2.999029e-09 1
3.035410e-09 1
2.974072e-09 1
2.797678e-09 1
3.048583e-09 1
3.012382e-09 1
2.986066e-09 1
3.185203e-09 1
2.899359e-09 1
2.950481e-09 1
2.887517e-09 1
3.030717e-09 1
3.061399e-09 1
3.033447e-09 1
2.834712e-09 1
2.947652e-09 1
2.949791e-09 1
2.809430e-09 1
2.665812e-09 1
2.665212e-09 1
3.254265e-09 1
3.273916e-09 1
3.278983e-09 1
2.941622e-09 1
2.833924e-09 1
2.796545e-09 1
2.996767e-09 1
2.897624e-09 1
2.647142e-09 1
2.943558e-09 1
2.961722e-09 1
3.033570e-09 1
3.049038e-09 1
3.092368e-09 1
2.828330e-09 1
2.767694e-09 1
2.887372e-09 1
2.852953e-09 1
3.028325e-09 1
3.031437e-09 1
3.089661e-09 1
3.227575e-09 1
3.195420e-09 1
3.073302e-09 1
2.859822e-09 1
2.958257e-09 1
2.943980e-09 1
3.196880e-09 1
3.222088e-09 1
3.198485e-09 1
3.010067e-09 1
2.984851e-09 1
2.798157e-09 1
3.136182e-09 1
3.233761e-09 1
3.244976e-09 1
3.123510e-09 1
2.762923e-09 1
2.992471e-09 1
2.876730e-09 1
2.878006e-09 1
2.920522e-09 1
2.757292e-09 1
2.744132e-09 1
2.732468e-09 1
2.932859e-09 1
3.155076e-09 1
3.041119e-09 1
3.100045e-09 1
3.142301e-09 1
3.053427e-09 1
2.927159e-09 1
2.601630e-09 1
2.775638e-09 1
3.278068e-09 1
3.201384e-09 1
3.108313e-09 1
2.997921e-09 1
3.107214e-09 1
2.952771e-09 1
2.790449e-09 1
2.612133e-09 1
2.751449e-09 1
2.879178e-09 1
2.856636e-09 1
2.806350e-09 1
3.074921e-09 1
3.028839e-09 1
3.120279e-09 1
2.921440e-09 1
2.971205e-09 1
3.019977e-09 1
2.861881e-09 1
2.484958e-09 1
2.755617e-09 1
2.883774e-09 1
3.163002e-09 1
3.175002e-09 1
2.871037e-09 1
2.665697e-09 1
2.629933e-09 1
3.115940e-09 1
3.015520e-09 1
3.042774e-09 1
3.023903e-09 1
3.053963e-09 1
2.980413e-09 1
2.804941e-09 1
2.887631e-09 1
3.031028e-09 1
2.992989e-09 1
3.008805e-09 1
3.114039e-09 1
2.978960e-09 1
2.822879e-09 1
2.940319e-09 1
2.895723e-09 1
2.934568e-09 1
3.013119e-09 1
2.796234e-09 1
2.836430e-09 1
2.682564e-09 1
3.048813e-09 1
3.033673e-09 1
2.982253e-09 1
3.034671e-09 1
2.922756e-09 1
2.863201e-09 1
3.136842e-09 1
3.044599e-09 1
2.995532e-09 1
2.871375e-09 1
3.018766e-09 1
2.981997e-09 1
2.631613e-09 1
2.651272e-09 1
2.784287e-09 1
3.027405e-09 1
2.968482e-09 1
3.094732e-09 1
2.852334e-09 1
2.923048e-09 1
2.957016e-09 1
3.024767e-09 1
3.011043e-09 1
3.127012e-09 1
3.219890e-09 1
3.142191e-09 1
3.159977e-09 1
2.757573e-09 1
2.939974e-09 1
3.095386e-09 1
2.673911e-09 1
2.815636e-09 1
2.734835e-09 1
2.826494e-09 1
2.814745e-09 1
2.537727e-09 1
3.023344e-09 1
2.894518e-09 1
2.984800e-09 1
2.931013e-09 1
3.004895e-09 1
2.673810e-09 1
2.808355e-09 1
2.858954e-09 1
2.770831e-09 1
2.849717e-09 1
2.886094e-09 1
2.852639e-09 1
2.945280e-09 1
3.013315e-09 1
2.955166e-09 1
3.112411e-09 1
3.137573e-09 1
3.076011e-09 1
2.687012e-09 1
2.558578e-09 1
2.564753e-09 1
2.787324e-09 1
2.558877e-09 1
2.916831e-09 1
2.916017e-09 1
3.057159e-09 1
3.183762e-09 1
2.971691e-09 1
3.001458e-09 1
3.145554e-09 1
2.926285e-09 1
2.999172e-09 1
3.139705e-09 1
3.074186e-09 1
3.001081e-09 1
3.045152e-09 1
3.043721e-09 1
3.015344e-09 1
2.941409e-09 1
3.109344e-09 1
3.159240e-09 1
3.107499e-09 1
3.035297e-09 1
3.046036e-09 1
2.742983e-09 1
2.469543e-09 1
2.747614e-09 1
2.793866e-09 1
2.770480e-09 1
3.110146e-09 1
3.050946e-09 1
2.560088e-09 1
2.627086e-09 1
2.579889e-09 1
3.014113e-09 1
3.118189e-09 1
2.819684e-09 1
3.029128e-09 1
3.056112e-09 1
2.864680e-09 1
3.131592e-09 1
3.144132e-09 1
3.048233e-09 1
3.032054e-09 1
2.944129e-09 1
3.108906e-09 1
2.761283e-09 1
2.653001e-09 1
2.910085e-09 1
2.623693e-09 1
2.787461e-09 1
2.851886e-09 1
2.786606e-09 1
2.916611e-09 1
2.841593e-09 1
2.650083e-09 1
2.565444e-09 1
2.545867e-09 1
3.175370e-09 1
3.075988e-09 1
3.101053e-09 1
2.752510e-09 1
2.777649e-09 1
2.956498e-09 1
3.262708e-09 1
3.235489e-09 1
3.215199e-09 1
2.852566e-09 1
2.785243e-09 1
2.985930e-09 1
2.807968e-09 1
2.809440e-09 1
2.900670e-09 1
2.934494e-09 1
3.125104e-09 1
2.997466e-09 1
2.506485e-09 1
2.810598e-09 1
2.487597e-09 1
2.873635e-09 1
2.847225e-09 1
2.991757e-09 1
2.667075e-09 1
2.601239e-09 1
2.609051e-09 1



Average 0:  2.931419e-09 324.000000
Negative elements: 0
108
