3.167272e-09 1
3.015882e-09 1
3.050097e-09 1
3.067103e-09 1
2.974046e-09 1
3.068902e-09 1
3.088667e-09 1
2.982052e-09 1
2.811594e-09 1
3.134953e-09 1
3.150326e-09 1
3.104845e-09 1
3.078655e-09 1
3.093363e-09 1
3.033669e-09 1
2.910060e-09 1
3.026308e-09 1
2.977633e-09 1
2.916372e-09 1
2.883419e-09 1
2.897593e-09 1
2.885424e-09 1
3.007797e-09 1
2.948756e-09 1
2.919169e-09 1
2.919162e-09 1
2.895079e-09 1
2.979739e-09 1
3.009916e-09 1
3.148922e-09 1
3.098669e-09 1
2.910347e-09 1
2.983262e-09 1
3.049507e-09 1
3.036278e-09 1
3.042267e-09 1
3.166025e-09 1
3.221414e-09 1
3.224968e-09 1
3.085481e-09 1
3.028820e-09 1
3.079180e-09 1
2.948168e-09 1
2.918176e-09 1
2.949221e-09 1
2.736063e-09 1
2.712943e-09 1
2.880056e-09 1
2.688553e-09 1
2.592548e-09 1
2.853921e-09 1
3.041555e-09 1
3.017667e-09 1
2.966104e-09 1
2.653718e-09 1
2.846690e-09 1
2.550415e-09 1
3.202113e-09 1
3.066757e-09 1
3.045570e-09 1
3.120477e-09 1
3.152663e-09 1
3.053202e-09 1
2.935537e-09 1
2.892838e-09 1
2.968460e-09 1
3.183364e-09 1
3.239442e-09 1
3.195310e-09 1
2.955687e-09 1
2.988999e-09 1
2.990807e-09 1
2.610610e-09 1
3.012130e-09 1
2.772011e-09 1
2.590134e-09 1
2.962258e-09 1
2.993075e-09 1
2.772144e-09 1
2.894737e-09 1
2.881597e-09 1
2.621543e-09 1
2.851474e-09 1
2.795886e-09 1
2.784174e-09 1
2.823279e-09 1
2.866737e-09 1
2.731491e-09 1
2.855588e-09 1
2.955974e-09 1
3.067924e-09 1
3.081441e-09 1
3.083221e-09 1
3.013858e-09 1
3.040645e-09 1
2.898475e-09 1
2.890021e-09 1
3.093313e-09 1
3.153781e-09 1
2.628598e-09 1
2.984930e-09 1
2.793656e-09 1
3.170472e-09 1
3.114574e-09 1
3.075072e-09 1
3.273084e-09 1
3.260409e-09 1
3.216518e-09 1
2.967030e-09 1
2.878974e-09 1
2.951364e-09 1
2.610015e-09 1
2.740734e-09 1
2.524256e-09 1
3.046209e-09 1
2.919016e-09 1
3.015555e-09 1
2.704579e-09 1
2.877362e-09 1
2.580620e-09 1
3.164124e-09 1
3.030961e-09 1
3.002191e-09 1
2.835041e-09 1
2.999304e-09 1
2.865823e-09 1
3.283195e-09 1
3.153255e-09 1
3.210375e-09 1
2.898447e-09 1
2.661074e-09 1
2.670028e-09 1
2.633165e-09 1
2.582891e-09 1
2.933519e-09 1
2.727667e-09 1
2.496815e-09 1
2.912952e-09 1
3.181575e-09 1
3.157332e-09 1
3.088133e-09 1
3.180794e-09 1
3.172471e-09 1
3.194231e-09 1
2.988972e-09 1
2.855226e-09 1
2.889388e-09 1
3.130073e-09 1
3.110443e-09 1
3.084920e-09 1
2.896425e-09 1
2.847295e-09 1
2.833923e-09 1
3.033057e-09 1
3.088131e-09 1
3.027303e-09 1
2.977221e-09 1
2.827511e-09 1
2.965532e-09 1
2.767131e-09 1
2.928658e-09 1
2.914618e-09 1
2.777902e-09 1
2.890359e-09 1
2.966071e-09 1
2.782325e-09 1
2.656180e-09 1
2.667164e-09 1
2.963640e-09 1
2.825816e-09 1
2.971400e-09 1
3.089644e-09 1
3.099546e-09 1
2.910047e-09 1
2.510695e-09 1
2.522637e-09 1
2.483740e-09 1
3.067454e-09 1
3.100729e-09 1
3.038767e-09 1
2.966263e-09 1
3.145697e-09 1
3.076453e-09 1
2.937604e-09 1
3.050211e-09 1
3.064253e-09 1
2.841617e-09 1
2.881300e-09 1
2.832616e-09 1
2.787241e-09 1
3.018410e-09 1
2.997082e-09 1
2.827441e-09 1
2.836985e-09 1
2.833354e-09 1
2.707406e-09 1
2.722716e-09 1
2.673181e-09 1
3.022206e-09 1
3.146538e-09 1
3.100320e-09 1
2.907340e-09 1
2.952115e-09 1
2.921774e-09 1
3.101189e-09 1
3.141285e-09 1
3.038241e-09 1
3.100239e-09 1
2.965802e-09 1
3.112502e-09 1
3.156513e-09 1
3.065263e-09 1
3.048139e-09 1
3.136919e-09 1
3.155380e-09 1
3.137930e-09 1
2.966351e-09 1
3.056486e-09 1
2.925511e-09 1
2.930185e-09 1
2.978061e-09 1
2.680735e-09 1
2.841706e-09 1
2.821313e-09 1
2.977852e-09 1
2.839535e-09 1
3.082340e-09 1
2.836985e-09 1
3.107470e-09 1
3.073069e-09 1
3.024828e-09 1
3.023633e-09 1
2.814992e-09 1
2.944340e-09 1
2.837359e-09 1
3.041739e-09 1
2.870886e-09 1
2.991681e-09 1
3.142490e-09 1
3.160533e-09 1
3.066911e-09 1
3.093595e-09 1
2.997000e-09 1
2.813246e-09 1
3.012530e-09 1
2.930835e-09 1
2.872514e-09 1
2.979937e-09 1
2.689328e-09 1
3.027885e-09 1
2.991830e-09 1
3.062136e-09 1
2.952420e-09 1
2.964391e-09 1
2.579406e-09 1
3.256768e-09 1
3.160579e-09 1
3.184021e-09 1
3.161566e-09 1
3.160181e-09 1
3.031967e-09 1
3.142908e-09 1
3.146321e-09 1
3.177175e-09 1
3.075913e-09 1
3.087443e-09 1
2.981818e-09 1
2.767756e-09 1
2.919557e-09 1
2.714858e-09 1
3.161850e-09 1
2.847186e-09 1
3.056678e-09 1
3.061991e-09 1
3.160550e-09 1
3.083371e-09 1
3.062757e-09 1
2.972845e-09 1
2.958723e-09 1
3.198840e-09 1
3.075306e-09 1
3.068092e-09 1
3.292348e-09 1
3.289523e-09 1
3.266193e-09 1
2.977904e-09 1
2.722005e-09 1
2.962559e-09 1
3.272001e-09 1
3.227786e-09 1
3.244142e-09 1
3.251620e-09 1
3.267681e-09 1
3.131664e-09 1
3.192550e-09 1
3.179724e-09 1
3.179499e-09 1
2.935381e-09 1
2.783446e-09 1
2.697758e-09 1
3.080492e-09 1
2.845965e-09 1
2.843144e-09 1
2.844158e-09 1
2.839018e-09 1
2.864645e-09 1
2.955796e-09 1
2.959750e-09 1
3.029980e-09 1
3.078772e-09 1
3.060457e-09 1
3.170353e-09 1
2.931005e-09 1
2.778134e-09 1
2.659414e-09 1
3.196440e-09 1
3.237681e-09 1
3.263976e-09 1
3.179023e-09 1
3.015808e-09 1
3.077926e-09 1
2.993777e-09 1
2.911440e-09 1
2.655875e-09 1



Average 0:  2.971646e-09 324.000000
Negative elements: 0
108
